-0.44111102099212657
0.3297923845667867
0.3486199895117795
-0.21302793425467137
0.3619068840321163
0.049752498319139846
0.1332218439432242
0.6264784983696206
0.24595378903832626
0.2960613841331113
-0.03929647319838562
0.42620964570638686
0.21260398411446
0.34373252734215565
0.19688873627595532
0.351098509621814
0.34036744730640583
0.3517956135557121
0.42260475746044057
-0.1490165096719142
0.37923457701659413
-0.05570367903627176
0.4312161348951171
0.10233503708602051
0.2890841834466784
0.5722870675616444
0.4601040329579284
0.42505223503433887
0.2921798666034336
-0.3374162540088561
0.09367607686191144
0.4714396179721579
0.31113035965398034
0.14525591116671965
0.27020941766087003
0.4188531611161175
-0.29378382670776343
-0.13618409378731489
0.45450960617774533
0.023348486063769665
0.01841182877715498
0.27161036540648625
0.32927785499699963
0.009631744853198225
0.0800012612536191
-0.000970628028762961
0.5960967870261582
0.5182966090930403
0.4981475741475522
0.2386432754183694
0.0143346216529085
0.25084239874108755
-0.03523874772534193
0.6785631261732821
0.3481530295725042
0.2320768045954651
-0.0637965785786085
0.16659115657285534
0.2396443548709941
0.7586217693044598
-0.02462745275248752
0.08988250270952577
0.13778261540676326
-0.1226360002000914
0.456495598396056
0.08127607480229099
0.22793415446876422
0.6703738185288367
0.5142978024455933
0.4892223621239328
0.014933405872189078
-0.282234478074431
-0.10013383872072568
0.23147922584571742
0.09558210212055848
-0.05007577258556309
0.4660699061797938
0.312418026366409
0.6289395218873686
0.5319239710201896
-0.3517361947737126
0.32053677766077837
-0.5615057903360692
-0.22887810018308255
0.4587757053698884
0.4914531095654539
0.37946620477740756
-0.3586386705079882
0.13840552041869605
0.3500643883423955
0.2765117906188085
0.036781192422549014
-0.02523851393766248
0.2550135208590327
0.102109013044603
0.11764864246576465
0.33383398076586374
0.0756856513378754
0.08788037685724748
0.1863881924285095
0.08085812156013693
0.15527805189282415
0.14635524144026296
0.726375204413255
0.009730159323722494
-0.05127392936049671
0.16683294864589923
-0.35980608443758766
-0.1929835165598117
0.3291168597591008
-0.5071073929532446
-0.0934527330575446
0.4524922595484517
0.1839186292964008
0.2394124197914541
0.5368194771554893
0.10019593236716418
-0.3239550594883378
-0.07456343568698723
0.3284120247923915
0.16511851075349457
0.31811432275630214
0.09842487769165179
0.23444543496748702
0.05383675991009688
0.11828426770720228
0.06073201764725575
0.4100939310037457
0.4077925320023285
0.3349427074867998
-0.1411431562559716
0.0004865910457810261
0.3164210622082737
0.28464804709559527
-0.06967391471204472
0.4678975554721557
-0.04845628819567414
-0.34000954922908355
0.013373356076277697
-0.19297376684816434
-0.5382390581622796
-0.6694898429699357
0.4343232568982445
0.5031187310034823
0.10396090065820175
-0.10289763786703843
-0.6488570893617112
0.2331200791224781
0.06219672564967502
-0.49425658545462986
-0.14858844455417924
-0.4855647307439243
-0.34519453288386526
-0.5113263754265976
0.5538685141499825
0.1688722243383814
0.2557536318070875
-0.08895756682861672
0.46440808212557433
-0.3429760719073502
0.2574813220087183
-0.10255316439419551
-0.4405168371919852
-0.20654266558994186
0.28164689185800873
0.6876317351716201
-0.5145005289142798
-0.14748913691473947
-0.23804346970977242
-0.34768998236318943
-0.01651440540910295
0.4743483355863494
-0.2249309636134615
-0.11066734736107182
0.09359117213976532
0.08883815830231574
-0.5107004148826856
0.06237124518556454
0.38153230684161604
-0.5589181430390582
-0.021496791026255384
0.20726204439867363
-0.4570148286794301
0.14328075025067868
0.39185865483887844
0.04741566150703164
-0.19934657648256604
0.20290582140897176
-0.017570706611118866
0.18301482051095408
0.01736025511235626
0.12215485601927928
0.12419194085558026
0.02825409262787757
0.14281366622340572
0.15676064505673715
-0.12406240492666798
0.20122548008026536
0.4692658597045378
-0.33578820917802177
-0.021661051482456263