0.05650739977957958
0.10428143959385947
0.04384692569083067
0.08642244364620826
-0.00003117565982601924
0.06297270882920375
0.04314316533939691
0.016878484030963408
0.10865465518302507
0.0706844607298047
0.09039216100718175
0.057390677883354294
0.10259029119199543
0.0574031517786236
-0.001967192327518875
0.07696933442945582
0.09467802467251485
0.09142160640531598
0.03650169847142793
0.021922490801806607
0.04188397568924181
0.0319403767821986
0.07096975090448429
-0.007178649572026817
0.09051163919240979
0.0881152937101169
0.08503879041390891
0.07974671464041802
0.22347487654056294
0.0819238324681042
0.06045182329134369
0.2137140948599279
0.10576760271904218
0.17446351359318202
0.1574895978487165
0.1855429503774898
0.05999535541527938
0.12071222361068369
0.24988347061730767
0.0928573571662032
0.18224997617349667
0.24378891279586062
0.16072636918390124
0.20658111666311804
0.09443469147916886
0.08004724706823967
0.07061247850877998
0.2560261611353258
0.06790541005527206
0.23815717805621983
0.08933636119889922
0.08504464847853319
0.20399923444204376
0.049111698091310815
0.10718485697679765
0.10843865188227178
0.11833074377581493
0.13730410972760126
0.20615665206682915
0.1277261285862442
0.10530653178424523
0.07814748452333936
0.07220975647190044
0.10819893653315184
0.09773671836214895
0.09032522351278144
0.05972445744688559
0.26722061249076834
0.1054867818923573
0.104731834908795
0.21561879136542822
0.09850281283750341
0.07113013196578387
0.034694293784883735
0.28117664867298026
0.07666874480707617
0.022777296455977553
0.18683473017698263
0.05948765008652206
0.08534903608941467
0.22573203692158167
0.11875440626740824
0.09171117469161454
0.2621899029158696
0.11683980124467681
0.0373738567775678
0.14117112253279715
0.010570691096364519
0.069433554401438
-0.03145197072263131
0.04174572243231699
0.0592414928201231
0.04098606749924206
0.05525885842109623
0.07542871579293062
0.19221075825023662
0.09216413015018375
0.10706641032849153
0.038935304038731154
0.051558820889929455
0.05027787139549044
0.08870479983407834
0.05578175896302374
0.07937490065930625
0.06843435633874458
0.11336730275836943
0.043721767126686
0.04321556752005826
0.013740815963406535
0.08285180514140311
0.04945935396366652
0.09425176395796948
0.05072248742203799
0.11433000249521705
0.08251660197505331
0.026810795781336404
0.046348414288496134
-0.01064632989207737
0.09059718811838416
0.01597194157107238
-0.010145315845923793
0.02483077668372211
0.008546401175723252
0.038789736803759974
0.072654890331392
0.10874659713789041
0.11799965489304357
0.12574542605698125
0.17302098548576306
0.1257267011146396
0.09569320150696145
-0.02635382814506592
0.12430554658086564
0.09865531038350485
0.0905917688189844
0.18986735475643401
0.10611102695156335
0.02219988370992434
0.0196493494826886
0.02236772787774889
0.10434329749575351
0.13772610424482343
0.08368134340510931
0.06290956218338234
0.07163778078334411
0.03753670908931674
0.22713354876819006
0.10471949015135401
0.07236170468292992
0.08027146808942828
0.14131578237338321
0.03852616710282925
0.07471637190877842
0.021967842950366134
0.04923589907165684
0.24275113879344368
0.10069380390322778
0.10230798898731663
0.026845655029379138
0.19777485803618772
0.10999148065605499
0.04284476667066006
0.05024673309534472
0.07764640929785085
0.09369409373481422
0.0378442140312645
0.13216692977445696
0.09203190941391429
0.04453720770390846
0.033121848797756044
0.08548916829050598
0.0744118452061004
0.08104993489883505
0.09576521486700505
0.1307934172581087
0.02485332091467793
0.0714356186007379
0.07592866584005918
0.10833833243252909
0.15365531461299983
0.08721454945105957
0.10130809877181653
0.17247783792027507
0.13020122570608839
0.1045792932134752
0.07924365920143546
0.1419792467847651
0.038715328849724874
0.0886339556837753
0.18020286147693457
0.04000332741836233
0.11727938825424217
0.01676239683889168
0.28978543960630787
0.08727529070039654
0.013108358431868451
0.1403944782628767
0.052709450167343484
0.08641290827448278
0.04008058713183218
0.1059188999275029
0.07353891237931344
0.11397468735737383