0.04321844025269245
0.06104504953737939
0.05352449928970427
0.03298656094067371
0.04327090112364705
0.13993572012124803
0.06262060298118323
0.04953833292521109
0.10650720150002681
0.05533298104402203
0.09760924077470041
0.06995473908751795
0.018832528490286573
0.08703199416011842
0.06219381714520066
0.1281298013978193
0.09148575819187753
0.08655250761666176
0.025835501203518255
0.06604462433858722
0.07218225125337316
0.038085781560692276
0.07303904640573855
0.07367325290459038
0.06934278632422435
0.13034699152017099
0.1350922640330871
0.0652650663812522
0.22805032841673764
0.0488473638251787
0.08739161492002913
0.1702765922574651
0.07317161239874101
0.14227392874479733
0.08295390017227511
0.14231793152027317
0.03294956134001577
0.10988413476244833
0.18214208878973115
0.07484924759342292
0.122114170682277
0.18311840733266238
0.11310750115066542
0.14845487402533236
0.10138592763714978
0.040555406761754745
0.027563517932644645
0.14325396057469542
0.06063886589497339
0.06189007054147773
0.08709880217388255
0.039362148916589054
0.10923029901440315
0.045895940910403284
0.05664081366109501
0.06730697723235744
0.0570600205618859
0.066456079225152
0.05483190836983953
0.03890146886199433
0.058592176882536276
0.039881500280573974
0.05898971889515914
0.03630680832153946
0.037552167836869446
0.05501207907737567
0.04875674950247277
0.0595073622232796
0.12353267992687081
0.05524250869128865
0.04071576750276244
0.04736329409926535
0.050742073526744216
0.033514978126808814
0.07578485181313556
0.0326009469515999
0.022584687883592486
0.16841102749485676
0.035827747163743005
0.07356157040862628
0.10990887518914508
0.08651568745470067
0.024616973205450046
0.09878890867694415
0.06392319993348888
0.05276937778065125
0.22157862614419732
0.029063499928642638
0.03570874416724665
0.019085141936503392
0.05930682102219724
0.03705528999536746
0.05673067799133486
0.028070270477911274
0.11520877624178258
0.08988444240490367
0.03853550622060816
0.02270183562697848
0.09946777615981844
0.05839101410886374
0.12862343810706064
0.0690112383916254
0.030439093304747023
0.10920463397759987
0.1235000201529761
0.12457162723572988
0.05366766621801862
0.058164684300633596
0.026726253243063557
0.10925832610967078
0.05575537376048147
0.06249863865907749
0.1007565576165372
0.12575804102451743
0.03857651812458501
0.026279695560632484
0.05598515233173803
0.033827536045906666
0.03426175616498975
0.024451690655047834
0.025099456675365676
0.030356043760719157
0.03653305186061522
0.056518077826806574
0.07082778111624727
0.06030059361768085
0.05714196564150821
0.19991849538188788
0.04984718593400079
0.05520361476330701
0.06557608745204112
0.02742210202468321
0.037516306763678085
0.04895443817766301
0.04818588714263177
0.058987829775721846
0.036453618408124666
0.038215911767322926
0.04656086003553132
0.03397530545381547
0.030518377614545626
0.059191324208578484
0.06241023267101644
0.04569929745133676
0.03643181490193378
0.05731889883982527
0.10940129800991207
0.07333348821485637
0.09655659034789499
0.045776073758070544
0.0667776043347956
0.041294303014273115
0.056518336931972064
0.08450105831276515
0.04729131682158755
0.16041461610399335
0.03155317238592132
0.10003666281877631
0.02841167994612
0.11034325324198507
0.13865952251353336
0.03992201011601531
0.043795785574056834
0.07002388405124518
0.0707634497471944
0.10056903124094108
0.1884183856690934
0.061133190596947114
0.04840108631296023
0.11304890412108466
0.10094103620217847
0.06934915107395356
0.044907167548379714
0.06450748791153894
0.02830622039062881
0.015056756776690555
0.009883799549267963
0.034208221756295856
0.0519292423763922
0.040064940850764445
0.040059491868123916
0.03014161338853592
0.04429885854392534
0.046240765807185114
0.01954773981112966
0.03736559303645869
0.029946725290166006
0.02665947316457737
0.03868955489380534
0.08552663052784117
0.025920803983258887
0.06325799770884577
0.046141372761734065
0.12018079344844382
0.01666554646657816
0.03199447606863755
0.06607219909644989
0.044511615427438304
0.08140957305977126
0.012552949383990486
0.03169904510361448
0.03277066426729325
0.023693024397028823