-0.03775222613747144
0.04689472013342805
0.008202004794112325
-0.11491857905822801
-0.011386996177935172
0.05918939117221633
-0.02558344729362441
0.03222878483548219
0.0895863555663526
0.00470898876587125
0.009415810058217398
0.026953149148332488
0.003315280782965316
0.026909547398119477
0.0387093035235346
0.08476270091774407
0.05583028897133571
0.07590981791604101
-0.005989464865417305
0.0066442721538823345
0.018389758129503903
-0.06238577402730449
0.06611095567441562
0.01307710843516123
0.041893648280381376
0.0870647871880305
0.06746874418350922
0.03407265092835681
0.10388081715967028
-0.029461299580290565
-0.06822302318340549
-0.026074699098577646
0.028851283307246862
0.03627312052851306
-0.03076747521812347
0.017088605526566065
0.0005486429836527439
0.0683192164080416
0.07795429163493617
0.02023245465025089
0.02152911433329093
0.08144271271394297
0.036989556156512664
0.030134517018822176
0.0010355222085274873
-0.027395397196338045
-0.033291308460966985
0.010533236308437834
-0.05424883201840472
-0.00588954408598413
0.024566482856077227
-0.014482939498949412
-0.010396275599121495
-0.008450283698181441
-0.09677149631774226
-0.02931464726275763
0.03839318904822249
-0.014400359819659644
-0.026797937040456823
-0.01823950811829029
-0.02155960683042967
-0.0053606993200539434
-0.0256473345787856
-0.04785914668340121
-0.02612885992218539
-0.021106829969594402
0.0034669522793190142
-0.009050447642865453
0.03898490910868426
-0.017245353590282807
-0.04677123043705232
-0.03544495489937271
-0.03502800531809228
-0.031459302093348324
0.024583779807083973
-0.04375729609468611
0.005445714515086938
0.08413730740585613
0.019456359533277883
0.024247745314362565
-0.04523537879960488
-0.01712186606173706
-0.03727342354043979
-0.1492298123421817
-0.010576249085084949
-0.028178107452578715
0.048062085735289375
0.0006700768560876625
-0.07233596357892069
-0.0491426218037633
0.04290511611995018
0.026130163535688575
-0.01082861090000672
-0.04888222684358374
0.007590556780483671
0.0376348822128038
-0.01133270402856671
-0.011065742477158486
0.02805548880784871
-0.018211355422702927
0.03009340113096583
0.01574512247278454
-0.006190164410298031
0.09188109125826169
0.05596519331100458
0.05158011074924043
0.026602882290892645
0.03368273721706113
-0.03679697087821904
0.030770049541524947
-0.005538041690576142
-0.005271553549877688
0.08397927154773367
0.06988197352785372
0.0017045706619942488
-0.0067881071139484946
0.04677240550125576
-0.07180969885642456
-0.00789751669877785
0.021497090971641018
-0.02463486813337979
-0.003419956045707845
0.004652372287903528
0.007083319473562411
-0.059691099041337556
0.04686382584852487
0.016970354707515102
0.06562876511501389
-0.0041710284788844055
0.04270959905434961
0.024269733685968575
-0.004926156476631015
-0.018726780825527593
-0.029997342277979365
-0.006305849182371064
-0.006174771989140997
-0.07609079154693052
-0.05158120525319444
-0.026265019842062903
-0.04856675631505351
-0.021689478144696253
0.006835881535363887
-0.03549021439051066
-0.03622679108613686
-0.0018185120067011765
-0.004027114515340133
0.07276442056323923
-0.013501293558477703
-0.0061081990292740284
-0.004566483435709629
-0.006112550085014041
-0.02384828492805609
-0.020295685184489418
0.010938134963554138
-0.054011360567175135
0.07800253632687158
0.027903540816755546
0.044325853446794614
0.005736577091586338
0.06832616838350035
-0.02395942662879483
0.01308077660985798
-0.017772263772353514
-0.02034277338834261
-0.025923981714544065
0.015354859121292037
0.08048368911946797
-0.03250986998625891
-0.02022861383743526
0.01921870177596138
0.048270102875520846
0.001046038798982662
0.03538188270407897
-0.03827094467550443
-0.011239678392467402
-0.044372758320629486
-0.014478230805622619
-0.038914332713504717
-0.021429265802124096
-0.00589880619170459
-0.03273316897107848
-0.013240688693466446
-0.03656903120446914
-0.0428307069788885
-0.015502444593587046
-0.03628342782449704
0.007428000918676017
-0.03072528058543115
-0.03848451285117694
-0.01880406342975953
-0.01753577911836201
0.028031420169972534
-0.04040552333828863
-0.02108942908843763
-0.029664269138812524
-0.00920415596415802
-0.015418015412779195
-0.03193219630038689
0.01273280310091785
-0.062018726823787215
-0.004060878337574525
-0.00776581329474523
-0.004111855977750221