0.3023652028115616
0.5139838906954997
0.2184030920177535
-0.1937908028946524
-1.2020391005280566
0.07914693496084552
-0.4001538296372889
0.7324217252325148
-0.2044614810401712
0.2589523510340147
-0.0625569687066151
0.9887125007172483
-0.42274160239511516
0.224691905305731
-0.2012579122894923
0.07942192404156459
0.16532201222456816
0.5171498367785317
0.4435658177083036
0.004161667701616254
-0.21384970696419298
-0.8023273009051598
-0.01262714446246071
-0.25245329657021
0.3248961773184555
1.0524238883051553
1.6609461578310418
-0.003304921653886476
1.1601226740996813
-0.29019890371067925
-0.9098093874000712
-0.3155760472309359
1.6685237346789794
1.2320416776606058
-1.398507329682322
1.4277067052946617
0.6203153741637553
0.25251631319603746
-0.0946374957801105
0.329753419331678
1.4702251416873544
0.2557985966263695
1.5263785135920755
0.33777142053735365
-0.21213659981323435
0.38202529311278277
-0.9578249355339132
0.10814024789160506
-1.3989513334697725
0.09163720515227715
0.5489891529643911
0.2080554422184294
-0.10694740177088637
0.9764521495735519
0.18618079264389287
0.09541482403817392
-0.10747594811608167
-0.17609830176793406
0.2912020705810833
-1.1877605370000082
0.46370499612978505
0.22997951328367564
1.0187445218979565
1.5033561054417708
-0.7503677941425445
1.4848445609713232
0.7176263063503024
1.3552727027185834
-0.13977222687073346
-1.00437483100758
-0.3485278764101292
2.5691850865364114
-0.903322791510541
0.03606980598268177
0.4816945279727373
1.939233752388025
0.034802858540763475
0.915040084907974
0.4828351901374031
-0.4020025123876944
-1.3398904078528704
0.07635702874716717
-0.08355923743991878
0.19343404945229434
-0.224178222080669
-0.2989790937507307
0.5006043594169923
3.2228983259159243
-0.8767681773294795
0.15565206424601694
2.0064312595650855
0.24148237619383814
-0.6045941207082062
-0.24786870166100494
1.605388152845355
3.2736902163922594
0.35222253408581927
0.18968550742647727
2.522733962626978
-1.035920629634863
-1.795780255830724
-1.055051124892437
-0.664447691607021
-0.09041113105725893
1.8989778373321888
-0.09175410557103834
2.3058180148231084
1.8968092337291156
2.669537806701828
-0.6240905047654375
-1.5111069246783129
-2.44315006882397
4.435699668172043
-0.4310343713975544
1.2398744531254187
2.5268088159214592
0.3040787644666136
2.481090799233164
0.401632453960075
0.2846126627905567
5.30945083242506
8.990381329881497
1.6306536301513674
-2.1243882926117768
0.7822734332307425
0.1613446547994122
-0.4214361151245711
1.271395612639164
2.301996101243297
-1.1818655163691536
1.257594482261347
1.8401771781244742
2.1002317407557496
-0.2750463493906717
1.2279749509719888
0.6634753984462433
0.6443135972126336
-0.008329257647140549
2.889407773835284
0.8603612646726548
1.012162856873728
0.10357500972564422
-1.7504400667521778
0.08700041622787649
-1.1136568373647822
0.2694161218617239
0.35021146386489477
-0.8588043964725743
-0.6735659278544779
-0.3337249945658039
0.7837495128180911
0.24637103687934145
-0.8875193989002224
-2.392706018899202
3.6126177491407416
0.12318259464774707
-1.1632971021301997
0.4256886329634395
0.05598572116427548
0.2065026191388713
-0.6712226413959335
-0.32963596907733506
-1.0892587987159326
-0.9181744244577424
-0.11431013714795489
-0.545491286978333
0.5584252233922574
0.707738692963559