0.06390448254359228
0.08073950033450832
0.042701906644879065
0.05534015468378563
0.07340777426489004
0.08253642931655189
0.0707390521179711
0.06631701472076444
0.040336971586456445
0.061963133571518364
0.254755576818486
0.09917282169191119
0.049773251948950305
0.04526011392306446
0.02878120821962809
0.23983482603268258
0.19237851711755702
0.05501528747766382
0.06686208332570637
0.18916155571902887
0.05607212256412597
0.04349696529067837
0.2365601171962611
0.25140648325843495
0.12882922766955007
0.1507622537716613
0.44025092642479374
0.05266332870389695
0.12319592261005431
0.013014158625433848
0.15504730197349284
0.06711391148441297
0.2506359372208236
0.21755479650174314
0.09495508938261898
0.11923869949698959
0.08486915817924154
0.19036790976943468
0.011017629220143824
0.09902147634111177
0.10824225756274611
0.10113811159591563
0.19311564957151395
0.19894690597854184
0.23196001248192957
0.09882552194995751
0.1480336753776553
0.1796530348385379
0.08738788167899042
0.10007338578391836
0.0796958362280927
0.1996536868877124
0.05302934611961564
0.2446667095067503
0.11012620998347564
0.09801338861187409
0.057246381341380805
0.11641878693819531
0.06501550799801531
0.08803224884215528
0.02622343545892295
0.22754951273252472
0.08428231361593244
0.17433550539473172
0.10909243619991629
0.14498035988744773
0.1440509331626676
0.0731019291087828
0.02568521743252172
0.07741334580753513
0.007198196714457021
0.006831723634819006
0.21327573214357123
0.0125128353541654
0.06267898315522429
0.02120885212306318
0.11862901496849113
0.04170905757498252
0.10812837981573555
0.13520515337663475
0.03514207260261796
0.2345019085501737
0.09031120145030389
0.043195928132801924
0.07573484088153123
0.13416281874828587
0.07578884582730258
0.04642691639170777
0.0942252559355373
0.06940412806985861
0.12731465130321892
0.22793384767253455
0.10122947004851056
0.07220588298305333
0.08768680990008945
0.15145418403584604
0.1799422591649672
0.1101243846773147
0.1384807387395102
0.08837316780069158
0.11619243671988133
0.09408236346522002
0.052826797903936205
0.08995628376919333
0.05884402305329017
0.10091596597052876
0.16546563328652036
0.10233097709815904
0.1286780177849399
0.2127795955179299
0.11885194365079522
0.03489622739175206
0.3698877870814028
0.2812360474036218
0.03845781810316602
0.08018673397968709
0.06943272895662804
0.025000111916353943
0.03324295869272854
0.09461052820356053
0.10054336234133991
0.056227215260973386
0.19723894786169657
0.1015679234046501
0.08947768359345569
0.30150924560242415
0.25181420171825275
0.32456462625068766
0.3222060914961445
0.09422673032498363
0.06764197125426524
0.16003909022757493
0.14902959475507532
0.25326901439095556
0.32871797236911077
0.05950160475132591
0.23578864745879607
0.144981816064929
0.34188384357665447
0.15427372659278848
0.09382603395201239
0.10858130570805115
0.06277893565389249
0.41032032423006826
0.1410233188751662
0.14066433822295873
0.22998889968329322
0.007906282111011175
0.35030726661798167
0.036290225200041444
0.1972861216970871
0.054900247662737184
0.10582540470517869
0.11853258431910131
0.04810303414878943
0.4371679822055781
0.10673783619570976
0.15583558960131022
0.11873499781224583
0.051066973983527046
0.08265797596479518
0.33567565173424707
0.19884170125119335
0.4543134466594389
0.08575875274127899
0.14432387719716747
0.31784578530542174
0.22389595384825509
0.42710317843685003
0.3784911721141098
0.14932318226507496
0.24218956271156322
0.12179186638386988
0.23873952513421287
0.12718778906842795
0.14869309513613974
0.25936006286692515
0.22917448579370017
0.11525711950963352
0.14531571564568496
0.10773725890751382
0.10605228200527081
0.23223809871817752
0.06479634179629139
0.2676537609077364
0.1586445773051381
0.12082721782404661
0.16876468553868837
0.256247132550449
0.12208708072115827
0.0632998918122766
0.004063292298988611
0.044385458231442805
0.1086033157845635
0.14122131946015287
0.2427110905485356
0.02873019829570453
0.5566626813151243
0.1145964189692715
0.164158882483253
0.05776692970784419
0.06246558425311772
0.18227124167164035
0.10915646510424397
0.08820415934547089
0.09172639724294991
0.2625334346989375