0.6971611652113393
0.23247089312496821
0.24339565845112454
0.09962456587133994
0.35330966862937224
0.900953170392113
0.36456703212185365
0.14730654182363875
0.1359350882297007
0.09601786982370855
0.12733563629063843
0.055720551371578234
0.019423958782860736
0.05816799789779353
0.26949028409684883
0.2874381012087476
0.14352588936133143
0.0794341187125278
0.02527571407157384
0.134907090226994
0.06553253769114378
0.07075338579914803
0.27199341187442727
0.08467585205104808
0.1776725662675388
0.981430653597142
0.024976194918497088
0.23281214619792245
0.19791013693714066
0.18365011994173128
0.043606189205380584
0.2708032865095531
0.08337946868529209
0.4137486140655293
0.21075526038852666
0.12091413719715567
0.16762493566053088
0.12377174876720848
0.07908186360733535
0.14186502962439185
0.13851369127792226
0.23370607951340153
0.19718906295554017
0.2152813808236806
0.027716820073617532
0.43609845164426386
0.1477846322836465
0.0495183274000265
0.0519716528252493
0.3342508521091133
0.19202016216812706
0.07358736625508691
0.09960752520005554
0.22147153798651242
0.531047769214447
0.08005120465106415
0.07823527856165326
0.25255462163706777
0.3577667380202904
0.07859599520630721
0.04505416749704048
0.08330645947208147
0.11540453852433526
0.0675548182832007
0.08396389460728224
0.3259373502515258
0.1919530508459797
0.5112699593343927
0.031124308247513572
0.11299373024883141
0.2808334591454146
0.07262918548350494
0.3644205514390102
0.11685133284465275
0.16090705787836457
0.3045709396770858
0.24281981064479635
0.38007181210566854
0.0777242225309517
0.038904696093234145
0.1838778327835616
0.11922979959198352
0.03361773301146769
0.1437544375725291
0.07724816251097
0.03220312837665037
0.1268656030568911
0.02755946432690382
0.07953285627013501
0.11222250562950198
0.08257806772623477
0.04573281190963235
0.5038948413990808
0.11298375331215114
0.07453679325181664
0.07955507598595668
0.2683163391196354
0.0401889108454744
0.01026461781694423
0.12866822140815515
0.10285444354488221
0.2649302085407463
0.1316761422432274
0.324215973638163
0.06911094437841638
0.0839590649962272
0.07721562243379283
0.04457596220358019
0.08777006823950789
0.06934602091330805
0.11155037345536684
0.06137032449297581
0.1389363688406956
0.12253745308960351
0.05274077637060213
0.06313869906337724
0.08289631628151879
0.020691543054353452
0.09943195942766221
0.0845338380430548
0.1299697554313318
0.10404816850140014
0.22003390078927204
0.1716219560218899
0.06576099249221422
0.08201471920478497
1
0.07301762232947923
1
0.10253672699668984
0.16338978569827287
0.40701004585501216
0.03240152331946815
0.06977343115902118
0.08727536044438904
0.17948257923553596
0.014977697468532506
0.29080737817584007
0.11370729806802667
0.12456466328422651
0.22927690486950633
0.12986982492485405
0.12724354091645884
0.070607652549426
0.17107624977514466
0.07126557031018894
0.12578220346749883
0.09125415770067694
0.05355340798592057
0.18981785269862902
0.10505721883588161
0.3040270110034767
1
0.1754975435214128
0.11707631548701453
0.15863158142456674
0.0749942448567975
0.10794911034291797
0.07937715889109204
0.03941855929134426
0.13960622588212201
0.24775618858003384
0.15885075397097687
0.08428117173000382
0.14442441692384306
0.1652633337119229
0.17568064471454484
0.2686972045716282
0.14816979337919728
0.06952484462770483
0.21321838786412017
0.05603062376577068
0.17046837582168564
0.03777043867147617
0.14130675720216926
0.11229442280440904
0.3847618126420099
0.051677128421283566
0.0905437177451325
0.061011629920190685
0.1328549081252385
0.10225656125770247
0.1886175491546831
0.09090587276609502
0.14211767696802918
0.07617062366289332
0.19351071993521482
0.10053878027742723
0.32270814401660025
0.10633377850510065
0.3528101533803428
0.07261542961394102
0.2111965359493822
0.2384240787449163
0.10590265782477633
0.19060105228253238
0.25472770449362103
0.0036839503447051647
0.18820880757924197
0.21351851718701612
0.07575104909132571
0.4290934398993078
0.12921129010181087
0.2575769956274718
0.30157544510021084
0.2351148671357762
0.18417463098567732
0.2765011148706659
0.11668192740516872
0.09246883259940455
0.23307048735256708
0.08838434838223552
0.14772055847555804
0.2549118219485568
0.10864790723666073
0.1292797556490711
0.10899435185997167
0.0367137503234117
0.05188889072017631
0.0448357163247716
0.06438864962147804
0.009262012878927245
0.0940723338110191
0.2761255942818848
0.20351862639256887
0.3077354641322743
0.2602448693631392
0.19928183251084378
0.2193123980418936
0.28836413390390386
0.188104368572446
0.18368695712605074
0.1387093657018502
0.2687577126893089
0.2596840871101898
0.33659206137351005
0.2067662880798028
0.1980498626599924
0.1969912960622217
0.08471197444828911
0.03564252726636115
0.24630762771948198
0.05628001031937612
0.16185864527689406
0.06638147520198293
0.06570284868958057
0.10223387904753632
0.0664747722852565
0.07212088292121557
0.029299767253235715
0.28282733348523426
0.03149371016687865
0.020346919982998306
0.06624648996055721
0.08791458560930246
0.10494089720161076
0.12216652978170739
0.16706497330978498
0.031696409516768366
0.0624066406301954
0.03002545618197139
0.1653110913650887
0.14336585166605817
0.09737417664875739
0.04702097309756712
0.026991933030015132
0.2033868410252842
0.08516960767139653
0.06894647787748698
0.05779477737109308
0.03919220374230329
0.1141060135071605
0.08690858220035955
0.2829279005699128
0.2973965781042195
0.17918259915960238
0.04762595816272847
0.032998188061029936
0.3017714842769033
0.13638090749584278
0.08495265711916068
0.058510997591659536
0.09066837435702599
0.027488700206160725
0.08965239767694151
0.09647706801761391
0.04162228404718789
0.06578923029401096
0.0943318816700885
0.07947326837080135
0.11895813824473184
0.2057508794442313
0.10328505728352136
0.19894722162059292
0.13733953308018265
0.02243551481852026
0.04637486375027797
0.048968174920667414
0.03936464599182392
0.1523356064208344
0.09835969434375776
0.050339316257645164
0.04076425672939228
0.1435457886936924
0.1634861625748896
0.10318725623836232
0.07890281736380539
0.07074042862280445
0.12442817340893457
0.02060982029287876
0.05150569911146968
0.06292172143818923
0.07074899220028402
0.056279880850543945
0.04462608777279451
0.07898585749619352
0.06989132085399108
0.18022170119822462
0.12830286912635902
0.23400024634438804
0.07036822320420635
0.11407582125827931
0.10260452338910081
0.0896748171911244
0.06224114629083439
0.053488584041550206
0.06570195271652798
0.09379431463867019
0.21196846976134343
0.02609716910412775
0.11101469860706764
0.07183110096056856
0.05478448308312883
0.0485439835820906
0.07494935197205743
0.01650925997286814
0.036212938405907884
0.12886530440556454
0.22641211146846668
0.05223003353381881
0.1957113073317384
0.07918457914361098
0.2035274969026949
0.017451114148607644
0.0808981579677153
0.1310777653286253
0.10798880248956723
0.0794180984395896
0.07827860012526962
0.04374746248621114
0.10599156395485008
0.024012043819224886
0.05525792426355072
0.10048023251766966
0.08317735571788928
0.12451708620000379
0.05637200439929769
0.08370033116013624
0.09014694879486145
0.02023894708042532
0.05312938070565639
0.022568852201020007
0.035749751245330495
0.0870298061428453
0.07439941417465033
0.058492515116074464
0.40455300592027343
0.05559445361880651
0.04648563176683201
0.16409901841926433
0.011070257131608878
0.08072005480034912
0.08111675042103933
0.2988806454754771
0.1878377638651617
0.031827683224942394
0.4234729470087796
0.41821681592095894
0.27286645595404796
0.13654504505080403
0.10714571690053444
0.022295342005345276
0.04520252291592093
0.13006494771872332
0.042818569139828296
0.09919189975270992
0.12077506873557806
0.17727102958842533
0.045418644270808536
0.046750943379466
0.052365641905819944
0.12911830119411766
0.04526052566179368
0.08518528299023877
0.04319906002489323
0.070444016588341
0.17107437852369628
0.08737885289502384
0.15396357375076175
0.044435618310465094
0.14633404004712888