0.0355040973726517
0.029780320061339783
0.02751894373886204
0.025669051524203908
0.016247060532279003
0.026093294013483866
0.026150955774562376
0.012754101474799174
0.009355505366638267
0.004590393528184001
0.013245115245701643
0.012976342534295051
0.0018552908002334775
-0.009783291337721774
-0.0051588759224102
-0.0068623489636181504
-0.014881082456228396
-0.025994157660458907
-0.019649226105950515
-0.013144692778676895
-0.011357506490709633
-0.008524267143409387
-0.020531247756398797
-0.02880971992640679
-0.023988569560739588
-0.022090142678812923
-0.030416827463956023
-0.028713357560131932
-0.02444347393491691
-0.022261023443351815
-0.03550409737265169
-0.012328299911731126
0.008805776160149086
0.04845133440557917
0.08712540170743262
0.11320653760560688
0.15231736886946307
0.18935487363744896
0.2316484932643571
0.2520146383215005
0.2855952165345308
0.3029288070063732
0.33368985246228
0.357276733052951
0.3720533528315734
0.3989975506999323
0.41984308368383044
0.4450256314211886
0.46240920876236336
0.4897932190484416
0.5064181394652406
0.5194593556545243
0.5342795863753235
0.5429000587194421
0.555149412069512
0.5699136422996783
0.5730301943989592
0.5927770634214472
0.6106409148043616
0.6198658659780968
0.6375818548113067
0.6444278720499115
0.62974874354406
0.6360551864623881
0.6447865324078488
0.6629727374866503
0.6736913086496343
0.6718671017710729
0.6933151980507404
0.7067779141920542
0.7116146769144092
0.7216418542485523
0.7313709330837915
0.7268537551855763
0.7350476814651002
0.7347008495155135
0.7389926457037176
0.7460071505566231
0.7405822507092474
0.7505227030476257
0.7495764803098321
0.7565415207659144
0.7583072001340777
0.7792262369320074
0.7802239373514209
0.7811699473011882
0.7934606572933401
0.8018337368533679
0.7907356195597679
0.7965254575080547
0.8048460604478807
0.8076075884692318
0.8043221848590333
0.8005227368077755
0.7962296108573836
0.7887891864404886
0.7889448709707808
0.7689218468841162
0.746395104651663
0.7513146997158935
0.7401961605855478
0.736129028858416
0.7332006007416328
0.7080460652317192
0.703628507458218
0.6954535135706653
0.680265359637789
0.6570989669719235
0.6403070969975058
0.6273103891518499
0.6168207866633739
0.609184013141603
0.5839708736951057
0.5813032221634686
0.5626022861973052
0.555705210189781
0.5444850588337565
0.5364808702020011
0.5196194046522152
0.5095802976399467
0.4922028195645924
0.4867624097031249
0.47769568165919213
0.47059084775997223
0.4574136531430788
0.44735147414647947
0.438966635055277
0.4196826478505988
0.40169564073199565
0.39331365201676766
0.3865833250824277
0.3788870862170186
0.3701512082429349
0.36260031403741416
0.3514012396211284
0.3438209364595496
0.3192707932743893
0.31569820924550157
0.30634451945810115
0.29732889951678015
0.28093521119360226
0.26712510250239496
0.26972994150321905
0.2586816457522781
0.24399588750110446
0.23826340177972707
0.2279272773009099
0.22586655731466293
0.21641449251266848
0.19969287450129283
0.19212100730248757
0.18475502789248782
0.17736502726363032
0.1751651611080731
0.16015319437229175
0.1583195497332273
0.15177635264604272
0.14866762082125623
0.1380718893458454
0.11791973304039616
0.11056389395542794
0.10763610322851462
0.09688977057456974
0.08623917250925994
0.08941566042125623
0.07958802539216939
0.069496756757855
0.06919442808166672
0.06851027950778746
0.06314274847386864
0.05138435977682414
0.044805737549664215
0.038944509516917546
0.04057639340781127
0.04142815270532435
0.03602092390291228
0.03445033607129105
0.0266155323802147
0.021488190892619934
0.015884718224636572
0.017685917193452787