0.0017737948827086234
0.0028729904632366545
-0.002957907370167077
0.0011888713958152519
-0.008134678196944347
-0.008699612764802309
-0.008529933060006644
-0.00448715387509378
-0.0045823852140746205
-0.011494458823348696
-0.0061975951179754855
-0.009348210894160876
-0.009633030167426247
-0.010249854510211211
-0.0047368902660957675
0.0015409166439846055
-0.0061064888634348585
-0.005081205615961842
-0.007982230930641605
-0.015599921651358631
-0.008404311469006031
-0.004895041973076742
-0.005956369393302272
-0.012433936151957255
-0.015737135946351035
-0.013374805155441137
-0.020592352166196624
-0.015659754998319505
-0.008556444473504255
-0.010071300844083836
-0.0017737948827086223
-0.002302486676016442
0.0377385036439912
0.08435515152409043
0.12792005764278624
0.16759165177276908
0.20790596148527632
0.25688165795174206
0.28550964062240525
0.3174031759006332
0.3542481471514641
0.38145277944016237
0.41561601907645385
0.4365326243149863
0.4564474828877054
0.479238533432232
0.5010219469813497
0.5191471885665838
0.5400628876687908
0.5590459564802369
0.5761432291533776
0.5956712770386035
0.6080914342820158
0.6253868888531756
0.64839942358329
0.6664688298633954
0.6825953113303181
0.6897545504768489
0.7034806249548186
0.7171368727247883
0.7308358652815434
0.7367503909389098
0.7443673941280321
0.7612409999936823
0.7592161527373275
0.7739980173861202
0.7860879095277021
0.7750688778209526
0.7868437973684894
0.7978148280922165
0.8025476169579596
0.8097982134279459
0.803379854025002
0.810450981250112
0.8135614392444719
0.8185887575129446
0.8241947582284097
0.8163353328735847
0.8135594694883356
0.824778721934849
0.8391634493768158
0.8413777702983692
0.8415564333590381
0.8361516526721353
0.8397426626970801
0.8408550267856172
0.8459121599856244
0.8562581393242992
0.8553004515265453
0.8442736998126212
0.8500765969594523
0.8569558350851033
0.8426443565679188
0.8293675175475461
0.821405792472686
0.7987567971014448
0.7886008823026965
0.7809899352201068
0.7664011158604347
0.7477162704745447
0.7318726269051573
0.7166284068495017
0.6943482429422796
0.6817136431624646
0.6638687394347051
0.6412244296585444
0.631941805059037
0.6145273160583913
0.5966185337011205
0.5746091002759196
0.5744144803954953
0.5543488706164303
0.5279546811434002
0.5095854945911509
0.4941274025420762
0.47542674267837665
0.4562388030957396
0.43348060780805286
0.424220840403994
0.4143708892395712
0.40109769354028213
0.3998918624615798
0.3769736806463368
0.36126435282456365
0.3574083588788207
0.3380908997023289
0.31668338996982776
0.3170995535041176
0.30443481367557457
0.289081072149631
0.2912627554201269
0.27530049737385653
0.26806109413989887
0.2545488966236882
0.24374368604294147
0.23527635756736964
0.22719891804346998
0.22123173094160628
0.20837407785365386
0.2006352831364303
0.19818875224333787
0.1940155676483251
0.17981628016756596
0.1665930746763451
0.1678548250043575
0.15815885637194665
0.1476394586198083
0.14406508815500813
0.14518073152820132
0.13654758409433662
0.13142921350639075
0.12280303924877782
0.1141443227597148
0.11224305258439846
0.10469074258755699
0.09680926891411626
0.08974620960110555
0.08214243170703737
0.07946151720334692
0.07255336362489267
0.06707030077445277
0.05079964487664653
0.058054049645327795
0.05122082444117244
0.04572636580390844
0.035653392250348206
0.04168254891399172
0.03380126385038405
0.02356367659415631
0.022897198431457762
0.02105858381768667
0.018471636581958953
0.016916058232722696
0.013317100400537308
0.013049531801292117
0.012458474858575482
0.008173476912529632
0.0030192908152169348
0.005781172175014373
0.002136771394706554
-0.0076170368962889205