0.0018877616355867876
0.0018091632736433661
0.0017926709539375953
0.0018019861761165625
0.002006768356922233
0.0019012028359897553
0.0018081475985594888
0.0023182100946285054
0.001710832552073851
0.0017277245208696618
0.002066539991515502
0.0019885770007763925
0.0018642265327909616
0.0020165110482488957
0.00185821843161655
0.001798544810578874
0.0017081752384569967
0.002003864652766415
0.002046296460514031
0.0019943538352360664
0.0019573616155105535
0.001953239680984359
0.001891804784613561
0.001945744336079497
0.0022410848424747995
0.002002413794470893
0.001983256066985297
0.0017372866733151911
0.0017161248624962832
0.002394847352790759
0.0018877616355867876
0.0021586235000442097
0.003121283316118497
0.004212534880141215
0.005023045941888781
0.005671703225254965
0.006389933922833686
0.006978690625099209
0.007716025690163874
0.008656643515665946
0.00932930120928798
0.009538618496644441
0.010049174687660749
0.01042181797015981
0.010771181031493564
0.011103033430057134
0.011500801029862204
0.011708295501996846
0.012099739112567268
0.01240165837971244
0.01281979274150856
0.01320920092438047
0.013551406467536954
0.013362039812874543
0.01381709817507203
0.013952170694046848
0.01419909553951697
0.014391305239621805
0.014451557860252488
0.01491120674881078
0.014989545989342793
0.01499508722607366
0.015218458466230015
0.01546157825099241
0.015409995028689828
0.0155301793155502
0.016003496700840166
0.015868721266338186
0.0159416131505117
0.01603906868239202
0.016102891097115043
0.01594391066281226
0.016201955888355803
0.01646548269579209
0.016535049348611504
0.016513785885317708
0.01662245615835938
0.016588650670828195
0.016976987448613604
0.016838101853115402
0.017049063515743878
0.017162801398315105
0.01749982966424728
0.017459155066687
0.017691333024436567
0.017795101052553688
0.017794202309870753
0.017848994819114464
0.01807622337498778
0.018145148401844967
0.0181795150043012
0.018133962402075737
0.01818461481563001
0.017900523625706714
0.017633702649388648
0.01741554914866418
0.017295911345619926
0.01701439053593192
0.016920273537978654
0.016625243186096435
0.01614206693401101
0.01605164169067447
0.015661647448982168
0.015359991580528703
0.015229196297956419
0.014995920099896028
0.01504165439828851
0.014892330688494262
0.014567092697071448
0.014334349437408443
0.014452929186822316
0.014021616338754954
0.01413122591291868
0.014166637515281402
0.014099214929637359
0.013825379162280566
0.013819572430169015
0.013693852230716005
0.013442441754028814
0.013248776991825237
0.013520238038656478
0.013318404211836929
0.013252750274301976
0.013154479736497969
0.013081806931761244
0.012957826516658404
0.013034706317807373
0.012971807054880416
0.012410673414609007
0.012480719886728744
0.01253010425997227
0.012548095542651816
0.01247999087529287
0.012301539311992236
0.012022563431144573
0.011922872041848673
0.011971031279353636
0.011898246121950692
0.011709705719648831
0.011444147497253329
0.01134621356110846
0.011214710445030873
0.011463895689225715
0.011214647447984755
0.011233612681406031
0.011107074193684958
0.010817675236428953
0.010833753031698035
0.010694154422487664
0.01068701535397829
0.010270681692610351
0.010552958462314714
0.010519365611625305
0.010255398726215888
0.010338330619824105
0.010375055549183188
0.010253763004881115
0.010241387911730394
0.010075625354796077
0.009530392186156856
0.009842443289694308
0.009472154321924348
0.009552640080610627
0.009103296300779095
0.00958925079774936
0.009150672378533425
0.00889891805433452
0.00872307319840087
0.008387906297334454
0.008386855151320656
0.008027442970525343
0.007975059057755356
0.007964678327549591
0.0076833363995286955
0.007362947390579639
0.007249234328544811
0.007362763261594507
0.007458340779559965
0.007495205501417934
0.007329571740549969
0.00694813280589232