0.006385457046399869
0.007467260823013033
0.007264497025618532
0.007441276619179758
0.00798066335383675
0.007716395159448943
0.008259814729469465
0.0067650525235718245
0.007426302066386431
0.008433666727010292
0.006644929723190434
0.007076811957098874
0.007112193448974889
0.006597017003150914
0.006977544632029566
0.007757275866977605
0.006951164568375356
0.007230462026622726
0.0073820506613329825
0.007768265026407179
0.007015822626920501
0.007167247626646868
0.006977609590039507
0.008750121840745936
0.006967854540613278
0.007407234456323206
0.00787364307857598
0.007170491105489057
0.007155646208642307
0.006397679720032835
0.006385457046399869
0.007847004351298575
0.009606650805765065
0.010615898029108832
0.01114899230354328
0.010471102417765247
0.009836596434775746
0.011336582796007728
0.012633106563182452
0.012037994853301207
0.012608523761277165
0.01245386074134304
0.013034540646591842
0.01343179299451548
0.013924389919355048
0.014586505309579618
0.015627420630073992
0.0146379790103839
0.0138923473113794
0.014604715558561583
0.015189523499073024
0.015007062271537863
0.015315510022398495
0.014989959578222098
0.015272718270879016
0.016204620523184964
0.016685733872302707
0.017485771838283707
0.017090166702277632
0.01761538994445562
0.01814392283853666
0.017684206882336313
0.018102505075327725
0.018008606611712708
0.018875268765141097
0.019237185953476336
0.020218465860527772
0.019801277930042594
0.020013869998674858
0.020983639148916468
0.02191058660684067
0.02266428305768497
0.021862802115829975
0.02269781484696468
0.022864970025195643
0.02292308273249748
0.0231597134496111
0.023315136285254674
0.023737763294982048
0.024177352938996314
0.024319296101389644
0.0250130395430373
0.025110195839130867
0.02583206944455402
0.02575164460890004
0.02621052575651766
0.026082520135130852
0.025727162992664157
0.026830901505203526
0.026917676081715
0.02676530776488794
0.027188562593027092
0.02802257895055179
0.027677737722153026
0.028237481390006713
0.028075921658410757
0.02726543561198264
0.026399535536267296
0.026042212752427428
0.025803703850237666
0.0251398014394839
0.025267701092365143
0.025716573188654362
0.024758525594574973
0.025243282523448183
0.024129280392970204
0.023079140050609022
0.024230373947773026
0.021488930585620177
0.023803334200048296
0.02289818963877195
0.021916375086913426
0.02271675830522116
0.023217609051797636
0.021926252166778917
0.02260260073978209
0.022207937614826784
0.022144984337665572
0.022762061949720185
0.021908475623577898
0.022308443667778885
0.022710693136706737
0.022352774911703583
0.02196831280711017
0.022680791201162526
0.022583467082584113
0.022112783426461224
0.021215298949799212
0.022069982657362743
0.021967061321666603
0.021267044170107167
0.021038776193883234
0.0212574992768968
0.021405788357268772
0.021659430386964964
0.020797184531043154
0.02164018635289823
0.021208554566280888
0.02039811181795121
0.021532644844508335
0.020705652021852587
0.02118650510984053
0.021404546478058416
0.021075867084096086
0.021904458034786876
0.02239163202530956
0.020905063068673933
0.020272199109322743
0.021284012233806944
0.020926846236532137
0.02092184048098647
0.02064808507337743
0.020627309003543932
0.01961811398229478
0.02012758713842923
0.019796293755574505
0.01960668046661768
0.020256782505853495
0.020503686972505274
0.01918081907292618
0.019273838465303336
0.018423191791457058
0.018786227608309045
0.018712145825206142
0.020152683718799847
0.0187904404426861
0.01879183315774831
0.018270164211153322
0.01865237157160393
0.018294677895981885
0.01776721162391389
0.017554933341056653
0.018291388098442152
0.017619489674366585
0.017881897035989754
0.017783218903200296
0.01676882395166076
0.016572513549724457
0.017707417278434716
0.016782753206418435
0.01650055742038606