0.0051713097895025465
0.00695694431256446
0.007876173566350394
0.006563355760375108
0.005579852420373959
0.005823386673238375
0.005314813279193628
0.005043481663338755
0.005766657933720655
0.006531961474430511
0.006380964614952831
0.004664061206364584
0.005110107056856259
0.004949923985971683
0.005444690218707486
0.005614632634399421
0.00541037109591215
0.005312865055380564
0.004932925636493112
0.006073530318296433
0.005547452328244517
0.006273444827732124
0.007075633322813907
0.006494354598998271
0.006675482537853598
0.005541025957284626
0.005310010887236915
0.005271324553266905
0.005782016561031505
0.005004547048442205
0.005171309789502548
0.005697649379753655
0.007130011390433912
0.009499078076961142
0.010397062732647617
0.010245222546358861
0.011939433932546107
0.012963902432973753
0.013633144951320168
0.013909542806764142
0.013914367086904054
0.014092689614047714
0.014176460722257027
0.014783350852773483
0.01519529068937558
0.014314825010988798
0.014197029389934413
0.014410781058648856
0.015130956995111388
0.014904639359091162
0.01496393536550476
0.014609931594827565
0.01398367518270444
0.013853606628354326
0.01403924324750443
0.013661529412372702
0.013491608343341108
0.013543410143960098
0.013819548570564019
0.01412185312649226
0.013032874374747741
0.012852694505996179
0.012536308872776932
0.011896141097378236
0.01223068647708858
0.01194717602886265
0.011480725669389206
0.01188054612729002
0.012051652712300558
0.011713085940795353
0.011292004634673863
0.011250007700344658
0.013005948915484664
0.012427983416078555
0.012501412497660017
0.012376654221831406
0.01293186541554906
0.013836859891189485
0.013972552250483774
0.01408060419274546
0.013285446738622714
0.013457416857283536
0.014625044194591055
0.013558990718426887
0.014074605791080797
0.014559780383134163
0.01456814093202366
0.014835776956322768
0.015195461545236657
0.01573753286050293
0.015152875210563663
0.015757057747235334
0.01639099039277542
0.015230390004955591
0.013266355841702963
0.01406455218050131
0.013739759062612465
0.013211737102500537
0.013964065567266483
0.015581347540124605
0.015625534721821332
0.015485944497373833
0.016587198826192872
0.015983351125471112
0.01628197062291797
0.01711719038122185
0.01669045468188183
0.017321219544314526
0.0180625192615247
0.018387215244462667
0.017363055477378545
0.017549247896615335
0.018292639659380678
0.018701680743427956
0.020287811444474436
0.019233466456381357
0.019024107385714528
0.01958370827722092
0.01864682544516867
0.01929262823918982
0.01996064692175821
0.01847286807888681
0.019027523639196797
0.01972243312862415
0.018657452720178408
0.020165496096695504
0.02045426328919836
0.019552803598615023
0.01948345787293013
0.01943183205625736
0.018947769844706232
0.019614179251537876
0.019525053263174524
0.01945329000007881
0.020061064495330204
0.019772290516883853
0.02006393126150038
0.020031344175191475
0.020655029391607394
0.019992805716421973
0.020060756226661453
0.020271864455940963
0.020793432391600104
0.020624165297492017
0.021255607157005335
0.02086438867210225
0.019849915169073837
0.019657559752512835
0.020526246005583858
0.020832064076171258
0.020243018127004457
0.02041098614455672
0.02106958128052325
0.021522900046370398
0.021214903504125766
0.020727265095812054
0.021500823755242777
0.02096538366755364
0.02069031058009738
0.021108040388452376
0.020918315753092852
0.021769075701020813
0.02038049650321222
0.020690177746368183
0.020347838886960696
0.020583008705549168
0.020017976559408027
0.01974780684900838
0.020108178097310348
0.020046686960736162
0.02064950313784731
0.019607266096588614
0.019424548333214588
0.01932639384897548
0.018727401290063537
0.019234884948396633
0.019448165511139467
0.019623758719152184
0.019471690902912047
0.019443772513946883
0.019702617393280077