0.19493082400991554
-0.11620327456474677
0.3595234558791196
0.0310493780852962
0.0774613804402578
0.09370824530421784
0.12606253799070788
0.14786591708128055
0.0896977323010456
-0.07136813883010798
0.18969331057115238
0.03453732384550689
-0.08144526781544317
0.04803859095244313
0.11772482812296774
0.10290538746241268
0.1409237789614161
0.2905756638181328
0.13676524123694161
0.051542013641160955
0.027736155877479966
0.09607787230734531
0.12567488476756866
0.0872516928013008
0.11857491903746928
0.2405321539009793
-0.04024353623003435
0.25318041625944976
-0.06179621644122336
0.0901493354755588
-0.2569504480061597
0.012705569591998736
-0.12901773846960554
0.14628745043103303
0.1870454528830831
0.142470656619899
-0.06185545081338675
0.1932903013369146
0.025003456690197906
-0.12190331445975905
0.20243538446873846
0.34343388273828446
-0.31345238075235676
0.36342505154489446
0.08369862563973691
0.055391865166330344
0.07976291817880979
0.12161556981420338
0.08949055708435763
-0.0547809349307465
-0.10380916352210766
0.03164812234729863
0.19405832162694323
0.1367191248162794
0.10712789997480975
-0.1442569883811316
0.058169324968625126
-0.07095567229692991
0.06623089725125682
0.5053872488782883
-0.18851332590218906
0.00015793218393772305
0.03456985405700515
0.39137766431156856
0.054086150400169515
0.09772994760474568
0.16314989828414742
0.3963094007465545
0.3326697058032038
0.1850120737939385
-0.02510312585303257
0.05830551340655183
0.20873331245304508
0.3323873633048085
0.02333947406682076
0.049095484666003594
0.045195998183348095
0.1174948539279628
-0.03383705716526917
0.030665102853261163
-0.13514790403505764
-0.0690822943990673
0.010833471369666156
0.17704496363802202
0.03006608572013188
-0.02561778255258576
0.3080553597837585
0.09540417653684954
0.37733006696264254
-0.0476568406459949
0.08083175908205371
0.0137559955907726
0.03985169146334098
0.21888896931623195
0.23750686744300348
0.09488319359975413
-0.12167668826715629
0.15590951549185728
0.0682130801434645
-0.04526090713889026
0.2013527710552809
0.07893879029050463
0.07796511897769128
-0.15068008625477763
0.111816232215584
0.38773653738009706
0.13743761138477928
0.324211221514191
-0.008937566466104344
0.15208099688612314
-0.05118722154632254
0.08123993818622965
-0.02096917501605676
0.17134446134725628
0.14440779198219136
0.2915017345560014
0.09729996605732524
0.09158973491717297
0.2313830616096066
0.06237929142588645
0.12122777193850814
-0.3401792908678917
0.1786749678703271
0.26640503209281485
0.09915831658589686
-0.014897557680865208
0.1831360414300361
0.08248763487289218
0.08130042192048063
0.08065094434688481
0.22918266591006464
-0.025817756802422848
0.06767478012944309
0.14993138666654637
-0.3128969034346262
0.16363718503663047
0.21708752464768113
0.4346311125103711
0.1036075941044999
0.21041702987066452
-0.44483255091175744
-0.024293719902238563
0.45139320775614855
-0.30612851888745773
-0.001029961657798326
0.14516327380837055
0.2817102668763203
-0.10799271783281428
-0.1110824767140705
0.32285520077184865
-0.06526076883130165
-0.008005421413145551
0.44474957890241806
-0.12453399636239487
-0.08887271117421341
0.09930755766133062
-0.18958252206799897
-0.2148317405305025
-0.17136412456792038
0.17937876604605155
-0.06133977903103622
-0.031161380976775194
-0.12186647419277664
-0.05162984977062216
-0.03328427840242543
0.10067517145801293
-0.060779579642225
0.054142064088864704
-0.05007372132160697
0.16064337486806338
0.10497887902742048
0.08601203962407539
0.061837370850975126
0.19753528460531086
0.09846975684699688
-0.0030546495164993615
0.09236695826126258
-0.05123785195962817
0.1616809408995121
-0.07278415414772031
0.045272057447414776
0.06856772726826914
0.16887118964208278
0.0554889909837975
-0.02317285480983192
0.07947410458601331
-0.024997446608691343
-0.06787022118563006
0.07759017108679292
0.06120345472593768
0.02616313360349829
0.18837616445660085
0.026383780248115708
0.000011194048249615505
0.0713082725683512
0.027454712392120426
-0.059627231238121144
0.0690785783185991
0.18266043736497778
-0.027223226705122523
-0.27008566759729585
0.10624356993773253
0.3524983230279232
0.031172867843167834
0.11792354156576776
-0.04247591184142472
0.012864760640350414
-0.0464052273096066
0.19242309839397878
-0.02545986899027843
0.01908132098606763
0.13359157168435556
0.13662802165768223
0.003461879763049524
-0.21490846029381125
0.0083686001904712
0.1601320905292115
0.214602327928704
-0.10085588660760263
-0.16135148123672094
-0.09839710085158809
-0.16591887869520425
-0.009348043891471527
0.32036407473639594
-0.13351210348950426
-0.12681149777261733
-0.1572537172029408
0.22212362836796207
-0.008251316804943155
-0.16309730862446936
-0.1347585251740516
-0.1941969954067854
0.28387790422263565
-0.025348312316101025
0.08447513186815156
0.2601247839381165
-0.07717463833862385
-0.011547187134366052
-0.22654801364438618
0.04993904340797847
0.381966751002411
0.3085771241910123
-0.13487844952181285
0.041618200753671154
0.14248989588963312
0.2700790763728847
0.002892818826373357
0.023221881673985572
0.1444182387417718
0.07842291334188438
-0.006800777965736407
0.12477995017223442
-0.001122752808796403
0.26975028389837463
-0.0663052390769461
-0.20673030159150285
-0.29001929909532087
-0.11230702076093
0.1593981807717437
0.19119140687439565
0.03451430179638319
0.08489168597984002
-0.06099697220418117
-0.022383506247683274
-0.0641303579546461
0.0667239764545972
-0.10070526959066876
-0.021252365459306154
-0.010996874480456664
-0.04226539090894
0.10633236165147392
0.00036352057830007746
-0.020654557022043024
-0.09788755353226763
0.06817601973689714
0.19321666199579207
0.17895894936001053
-0.1834036647275325
0.05901739230989474
0.04768609342062349
0.3269335037263778
0.10980019582083299
0.292414512481955
0.17557887396596913
0.015414894412793142
-0.02867688714954554
0.08954086913663843
0.1587392493180927
0.07559976226941487
0.10977409590243362
0.12639290516584997
-0.0388911545338354
-0.12101158614324331
-0.06678932945183731
-0.001459150748208189
0.18736977011882686
-0.022049857361870078
-0.02371007382386316
-0.044919808703941674
0.003259581985144979
0.2782594747487242
-0.04952541448169461
0.03955002219759222
-0.021231878595686513
0.054150066206619045
-0.21666540115521662
-0.07661789666661085
0.09502621766487579
0.541512352708647
-0.09941764647437248
0.045955439906051006
0.0670976368003066
-0.06966061737726893
0.44100573233096685
-0.11516825642889099
0.691557745449589
0.12386714669072695
-0.15534591793075053
0.19224086631512277
-0.36404757069810145
0.22244714382923395
-0.03793872276663889
-0.1618094501344795
0.13060604225011246
-0.06672241324630294
0.11944233630618059
-0.4042071119076211
-0.11517419688971008
-0.02365381670372887
0.30007618264250185
-0.12128478782080866
-0.017144711263395004
-0.12394952597876636
0.09429772544751384
-0.1678209442002314
-0.24758541589821353
-0.16668399567443234
-0.2033325367304909
-0.03282903183163256
-0.16585051839112086
-0.23212364120662884
-0.28890799431919456
0.15506695455579325
0.08526346947274055
0.17316386797583333
0.11543890090925438
-0.04501064998977811
0.36840960080821694
0.12716990815748627
0.23407632776153475
0.09330377631639161
0.1470360486864017
0.09331588945640693
0.15119196452595723
-0.012431912207961698
-0.03336300311345511
0.01982229574434487
0.211796320705845
0.35694262002735067
0.01536619687076788
-0.012718200122659786
0.05027320780341031
0.1301260456009362
0.0752432874205031
0.02097220683644416
0.18296900487778392
0.11506852395715417
0.38742056661633606
0.26225987764650327
0.2769145256997586
0.2587139749428088
0.1497670833781187
0.11668102245044241
-0.14399140340953853
-0.058317730916355476
0.2731017329007086
-0.09094256495513539
-0.12350054638201069
-0.2767723672541741
-0.14952699858289958
-0.09680957901122374
-0.04109354672715122
-0.14279212954498477
-0.0903127755386839
-0.18815449503744558
-0.04894655276082241
-0.10149745879357211
0.10496467763521052
0.00035848073198439806
0.07586351405344943
0.0699376084380084
0.33951683909211194
-0.13646111296654737
0.03167233044865562
-0.10739677308258719
0.3213988724760609
0.9543051115176963
-0.04707413193986097
0.026863960857078935
-0.12173572127619037
-0.1344361321902794
-0.19231364933726885
-0.04801205278302808
-0.08031183557572726
0.22006263898050735
-0.12444668351116109
-0.2077494533408012
-0.23113105532207578
-0.1742700918772483
-0.05080355841716856
-0.06403769512819461
0.1790905382197194
0.1117090939074078
-0.1203485308780261
0.14231896947918624
0.08143147928701497
0.0008748486457442204
0.04600795881494993
0.16659794356016636
0.06463209867597063
0.359282888678873
0.4961333037364561
0.3621798100274965
0.0032254611670835273
-0.012310714971658771
0.44255628087672766
0.4818660111209963
0.15502732319054485
0.044761869439596993
0.007563090018744268
0.23579164065710073
0.38648429284043295
0.16890376733751986
0.22840497158416567
0.1155099859101164
0.07500435145423907
0.4199631902913392
0.05778863169095592
0.034817615429072434
0.32727234318370624
-0.2759264321832846
0.27945438627140723
0.0687010632998697
0.03238468347123022
0.18969761434258187
0.2226847252912753
0.17987333552366225
0.05911277582801219
0.1351920194765444
0.21737364118158886
0.23826565343472686
0.27929668430179844
0.2799518982183021
0.14408287959178642
0.17154003811450647
0.1781814385433688
0.23495823675018052
0.11994343688543894
0.14169748526639694
0.25832331103021816
0.22398391171013646
-0.017457111144937743