0.034445167814895455
0.031476208346147096
1.2048520574330677
0.10764702462516737
0.4672764462003456
-0.101155344931249
-0.07093515525201752
0.13825098205394706
0.01616413011116312
0.12537740690360527
0.22497298201117308
0.20055740972411143
-0.4425398291130561
-0.055467841668048294
-0.39009463174685705
0.19016585298397423
0.6056531671882684
0.6969952699480232
0.15062821977745722
-0.28965889495447467
0.16136772982585457
0.1771218088676348
0.1618410444612624
0.31858806413635943
0.07732818083173226
0.4239443748381019
0.03446440707108818
0.782041437845171
0.5193773119664546
-0.10802283488042909
-0.5660417173025006
-0.6575599595086702
-0.656800670402403
0.0813680330347483
0.27650811995222907
0.2969759517310925
-0.5076250556394162
-0.34934664471675203
-0.2839438941960855
-0.5102245261177977
-0.6562846142847061
-0.4678716977403922
-0.7322027082924177
0.585042296105926
-0.009048282331688291
-0.509610428396823
-0.42874905457675927
-0.6380186462115313
-0.332352514196536
-0.6307923154436282
-0.12083219863189444
-0.762059223383169
-0.1486085351328515
-0.053220781506160816
-0.3988115890428837
-0.6094137537158812
-0.21412129964673862
0.1322191058152727
-1.7026319936073444
-0.41816423452828816
-1.0602739269530428
-0.7782755059500753
0.8934303599959057
-0.5155256047436488
0.6600634315987697
0.44950950274069335
0.3181446546539808
0.16759555567046933
0.13126124268924622
0.12234050412401244
0.05043579858651649
-0.16542496518302297
0.31303558150816824
0.7052520745271968
-0.08973274606039192
0.07828625988923445
-1.3248538433050496
0.2114350335721731
0.011792670518299955
0.20107489476380114
-0.25057007156614153
-0.828348326840269
0.004836230713058729
-1.2044903399690567
0.5045079785395068
0.12376620887833148
-0.1597701427436048
0.29154808083266953
0.011288383750339848
0.3828580255100109
0.3537007350710784
-0.8606904207609998
0.42741018031611094
-0.2314463673953982
0.13758347771203755
0.406656539538951
0.09980933694758246
0.32355065173913067
-0.7058434967105186
0.39156283801145514
-0.5852999396590202
0.753143698854241
0.9897032068855215
-0.2637138992615592
-0.05832426411371383
0.1037747281610836
-0.6507203613980368
0.5514187242755078
-0.7271149245139261
0.16706306970454873
0.21689631574832868
0.2778713489211363
0.33988050350690313
0.24827602214974945
0.3850103549305935
-0.0850770749408653
0.6699863436503795
0.2354022108605498
-0.23074711984334936
0.4476194980285773
-0.09513893700340463
0.12094531500895393
1.3577633653986292
0.06886020788282025
0.4297090313595203
0.16748488498144257
0.24493570261176267
0.15274944414077
0.22502863384069735
0.4769660705544849
0.12023195801177736
-0.12955332874921205
0.31282705735600724
-0.025670306927805385
-0.43779635864865235
-0.25749200065930034
0.205685788258068
0.17711018395349465
0.893192462875512
0.4162227428123429
0.1594166168351165
0.48069086941187555
-0.5243167664617423
0.5401266567292594
0.15959672566958322
-0.07102518232264814
0.4304658406098733
0.7216427794511009
0.18930760925408138
0.6277812115081841
0.35406143337465323
0.3801006507184745
5.876911863318508
0.7542475787661908
0.061064768699488105
0.8523154406394046
0.4381608356712045
0.7376486299464411
0.4226948202491076
0.18968270447999072
0.6157069576991783
2.1816435849945583
0.48086668826060086
0.8097318004283109
1.5022481661863003
-0.18556655789705054
0.1296660551636928
-0.7254340074865027
1.3115035297880147
2.951257761750733
8.381746396286646
0.9150814907665415
1.09969546353615
0.5363044965512699
1.9258836018281527
1.8057977926188655
0.6312783803746691
1.3479866497864874
1.2323976711459568
-0.5783305059196421
0.0015505207380146309
0.06956136530361876
0.29986856174805665
2.8001450215582127
1.0899695485443552
1.1490784179947788
1.3096323934914638
0.8684140434757045
0.0022291859876614343
2.533825948216173
0.5378779577527029
1.316604943495816
0.7531345467456426
1.2134770510008346
0.975794687154806
1.7018491387497627
0.7606389494593241
0.8371857633288022
0.8024461839446602
0.02159858616906581
-0.796267764013458
0.8432879254304377
0.17230420239721944
0.9607630272480013
0.712062798882435
0.7941129398688764
0.48468381508047426
0.8173885316097749
1.0970918148524584
0.17990265277098577
0.5060203599229511
-0.2621702046282828
-0.9772925763872229
0.34497336196779255
-1.400831417349084
0.14542443870965338
1.7923454213959615
2.9042183266393518
-0.446642375048166
-1.0248699202983187
-0.03336823043530476
-0.8913033909389789
-0.6320266601740919
1.423316463186525
-0.5112588963052704
-0.3754455845581875
-0.23805548485980027
0.948843407895218
-0.574139209911473
-0.08411572026851319
-0.7674848036226837
-0.39675495353721024
0.5865362033970685
0.17162442330184524
1.3683318435223164
0.6044120551314376
0.25506305150510455
0.08711820500038424
-0.10493690905493575
0.16442340775273775
1.106259190389561
0.19130267561942207
-0.18030993430664377
-0.7408216492921866
0.12246742186097762
-0.6649365026520818
0.24997222913043313
0.8093375999172614
-0.050230961319801266
-0.033017522634163854
-0.3861271581918863
-0.13966493921792456
-0.1796870278045221
0.5762620111723143
0.41502393598292114
1.2474105411473602
-0.5292431368615319
0.37138144007646784
-0.3323890036349664
0.24271807979776577
0.16390571372257187
-0.640505047197474
-1.0138584931358599
-0.5111609997809238
-0.21769746775128232
0.5574704866112622
-0.02201263650841606
-0.6993222540293775
0.2924505103730573
0.26344926840487937
0.027707947443271767
-0.0868661272972682
-0.31043543406390994
-0.4617227236830073
0.5179469085077307
0.46941309221364064
-0.38928619467734193
0.020616033735358988
0.0459550760110722
-0.16267980097458185
-0.7053563894638833
-0.3075470325236166
0.4908141300361647
-0.05310257032174027
-0.48747546213009896
0.33318748328007414
-0.6236969032920636
-0.46291658050209955
-0.12110351841222222
-0.572998806922509
-0.5593878061965646
-0.30811992490434975
0.7986982740087133
-0.25883591903558867
-0.11894900348974856
-0.1594961215593317
-0.531210560516246
-0.18244528957774112
-0.7749964416733169
-0.4698959763897452
-0.5330974068960332
-0.30745368967954806
0.3826966850401731
-0.1513720111337253
1.4048980269213036
-0.24879503635192438
0.7797211833612733
0.2758191608216009
0.8943497575867859
-0.2740699349262421
-0.13599692341944852
-0.18097092675688656
0.4274519863954826
-0.060081507776231446
0.31182697268654286
0.01933840261124944
0.4170177918340857
1.0387301338958592
0.17945303079098854
-0.2847923153888848
0.23547145603314512
-0.40967510140215035
0.5468712212326875
-0.13032949986690584
-0.1933947550713549
-0.05282116592308144
-0.2587963402329796
0.10325131685013829
0.4071088084318967
-0.15371950888264627
0.22326801351185166
0.018786481435528662
0.31592820679960787
0.4539379503819545
-0.13860796568938302
-0.2281332693309409
0.6482502008481108
-0.4826981168941972
-0.3541713452182337
1.6627944186496948
0.06459227674707695
-0.38888592722356286
0.7847530698028602
-0.08352854403584233
0.3679976933043924
0.7441864926093571
0.26401126499790345
0.36300823936108895
-0.08260828665765334
0.8522959817045556
-0.2172800616610211
-0.27380298985061924
0.15046045654203677
0.9874766386167608
-0.035252792938908296
-0.09635192244300098
0.24029963029197074
0.5928673260305009
0.41324016780435185
0.19388078092285665
-0.1792128285611387
0.3848534076866111
0.6085808447843188
2.283264162994595
0.16233564489293942
0.5233864970987515
0.4301263815992614
0.8374115457346535
0.35319218653476014
1.2864700309028616
2.361757015978759
0.7196169104740391
0.7190299912647555
-0.04799557691479701
-0.007652320490343721
0.5845123999874565
0.0346622442922243
0.3492206077444069
0.36560226888535
0.32486731815987485
-0.030346931094133008
-0.077698362895171
0.5150744641807505
-0.1086175959085163
-0.28056434255293794
0.08898202738695452
0.2873457108323928
-0.13490190376616865
-0.18419207519244837
-0.23981484959415478
0.43843762219584087
1.0424929458316419
0.11097683848124885
0.5303782639225542
0.21252122455484834
0.31425724030888713
0.17073271843102425
0.13872875619200672
0.531623195447793
0.34169304901386693
0.17357534178159534
-0.0986114265554541
0.05158979891982491
-0.12180717674608586
0.18620641416368786
0.4734757988491482
0.11755776470803778
-0.11934178355105554
-0.08161747177662884
0.3693762716147328
0.043378401616781505
-0.5326800624903391
-0.12602291870588755
12.109333588209614
-0.34592585504535406
-0.34701561809936254
-0.7460218563295379
-0.38902232689304456
1.4630468233259424
0.47503754655744995
-0.18375433816696837
0.3197574562374892
2.4012747634599396
0.1882950902786073
0.31856754375842544
-0.0732628520447253
1.3908838924962195
-0.3287044049558371
-0.2228245264380757
0.11783785836190765
0.9536592269584779
-0.673542655293284
0.8652179566677418
-0.04361132619458458
-0.4323333034073828