0.19493082400991554
0.3595234558791196
0.18969331057115238
0.2905756638181328
0.13676524123694161
0.11857491903746928
0.2405321539009793
0.25318041625944976
0.1932903013369146
-0.31345238075235676
0.36342505154489446
0.19405832162694323
0.5053872488782883
0.39137766431156856
0.16314989828414742
0.3963094007465545
0.20873331245304508
0.3323873633048085
0.17704496363802202
0.3080553597837585
0.37733006696264254
0.08083175908205371
0.21888896931623195
0.23750686744300348
0.09488319359975413
0.15590951549185728
0.2013527710552809
-0.15068008625477763
0.38773653738009706
0.324211221514191
0.17134446134725628
0.09915831658589686
0.1831360414300361
0.22918266591006464
0.21708752464768113
0.21041702987066452
-0.44483255091175744
0.45139320775614855
-0.30612851888745773
0.2817102668763203
-0.1110824767140705
0.32285520077184865
-0.18958252206799897
-0.2148317405305025
-0.17136412456792038
0.19753528460531086
0.18837616445660085
0.0690785783185991
0.18266043736497778
-0.27008566759729585
0.3524983230279232
0.11792354156576776
0.19242309839397878
0.13662802165768223
-0.16591887869520425
0.32036407473639594
-0.12681149777261733
0.22212362836796207
-0.16309730862446936
-0.1347585251740516
-0.1941969954067854
-0.22654801364438618
0.381966751002411
0.3085771241910123
-0.13487844952181285
-0.29001929909532087
0.1593981807717437
0.17895894936001053
0.292414512481955
0.2782594747487242
-0.21666540115521662
0.541512352708647
0.691557745449589
-0.4042071119076211
-0.1678209442002314
-0.24758541589821353
-0.28890799431919456
0.17316386797583333
0.11543890090925438
-0.04501064998977811
0.36840960080821694
0.12716990815748627
0.23407632776153475
0.15119196452595723
0.211796320705845
0.35694262002735067
0.1301260456009362
0.18296900487778392
0.11506852395715417
0.38742056661633606
0.26225987764650327
0.2769145256997586
0.2587139749428088
0.1497670833781187
0.2731017329007086
-0.2767723672541741
-0.14952699858289958
-0.14279212954498477
-0.18815449503744558
0.33951683909211194
0.3213988724760609
0.9543051115176963
-0.1344361321902794
-0.19231364933726885
0.22006263898050735
-0.12444668351116109
-0.2077494533408012
-0.23113105532207578
-0.1742700918772483
0.359282888678873
0.4961333037364561
0.3621798100274965
0.44255628087672766
0.4818660111209963
0.23579164065710073
0.38648429284043295
0.22840497158416567
0.1155099859101164
0.4199631902913392
0.27945438627140723
0.18969761434258187
0.2226847252912753
0.17987333552366225
0.27929668430179844
0.2799518982183021
0.14408287959178642
0.17154003811450647
0.1781814385433688
0.23495823675018052
0.14169748526639694
0.25832331103021816
0.22398391171013646