0.11334763837310455
-0.026766657479771482
0.09236308983785547
-0.01183260382446413
0.00043644278013192623
-0.017484738887501242
-0.006776332861700462
0.005247611644746898
0.002062707392174757
0.018677200742029613
0.03899873515709063
0.04476440689162917
0.002529739306020615
-0.007064144280269744
-0.032852198074213475
-0.004926422063085429
0.010633461288156489
0.05605681324639842
0.031651165741624646
-0.0041726299822597394
0.03317452303450013
0.038034803252341785
0.032729987626498445
-0.0024589327120682334
0.051588582642757855
0.05667065290682863
0.015541659744919535
0.08742215718075677
-0.0008654788246113186
-0.00987508517300171
-0.053354826903812186
0.019940519375922155
-0.03661406750155253
0.005761487124854897
0.00465870690569373
0.010436732629390114
-0.02642155331641224
-0.017736720465414538
-0.015361082542645121
0.001157745950196511
-0.014865366612375875
0.014041784975632835
0.012745572673882984
0.05367439128442024
-0.04173209992805383
0.0032156021039215004
0.0011416198265252644
-0.0033842454427785978
0.025325820854223812
0.005403875333565462
-0.010916289357161265
0.008343125810493434
-0.009178995761048562
-0.005743771998806958
-0.0164915503119517
-0.03818707971712728
-0.01925438628684981
-0.038104787281384125
0.011958658286997352
0.043401522441110174
0.07380607810389503
0.04923559163666738
0.07972966718714451
0.023983446876324924
0.06877714486503407
0.07335292308486528
-0.031353704291016686
-0.03788242306077159
0.0493869352645768
-0.044517437124569084
0.010879268814095162
0.09866725213015816
0.010959548439832264
-0.01989086492227871
0.0692919843530149
0.05331798677348349
0.04679790224060118
-0.018690623324529452
0.07910685419478541
0.03925481893091998
-0.056182046673845965
0.04088274372548397
0.06464205130964723
-0.014204381627841075
-0.012629310632847767
0.04477579185929746
0.11480879481695044
-0.059808775891488836
0.006571881466820609
-0.051355862206101735
-0.014969286216362974
-0.06292711881934808
0.05035917633102315
0.0941476428164707
0.06306566219707971
-0.0394098941335054
0.07950495123462192
0.04564787224223008
-0.0062640535534226605
0.062204150576673146
0.0333651272723396
0.0949577098872779
-0.024138514499475072
0.02457471407181484
0.024658985634788588
0.03649861326005544
0.014796063855535427
0.024345977026342454
-0.008679088680915105
0.03989897521025021
0.004921711873401584
0.03967202745553209
0.023937656878708375
0.032035343794972845
0.05041432452814351
0.06034916279916777
0.03101252869158415
0.05465697898145252
-0.0035407441227866413
0.07259205459875792
0.029387650024947302
-0.02623514292531638
0.0596137325352639
0.05518113844166826
0.08380879753843032
0.024261109760363865
0.06776555438628275
0.058828620479672376
0.055859593167185154
0.0636880714454528
0.0658829348543913
0.04943075539875354
0.021129086626977107
0.04886219473308605
0.0066081313875284405
0.03988966902361747
0.04297793741391373
0.10296466823309729
0.041321734395018433
0.032950782508176034
0.04791315500347513
0.010655617131836182
0.009692988798164392
0.003550600922071063
0.004437145656481726
0.025772384699678703
0.03325056569576774
0.027150337286833054
-0.01995128196070955
0.04131395099734673
0.016205408473547445
0.051641468974008696
-0.013154795807658465
0.016055523399792545
-0.037100933881042915
0.04058514302647255
0.008427678469099227
0.0009266652249868369
0.04054278491118863
0.026867824965842984
0.012197904217717215
-0.042362348679911746
0.02874679888405863
0.033781422552378905
-0.009610662392075342
0.08628068052091098
0.046880671760443235
0.07163289408439183
0.06441127290852552
-0.06133451228065438
0.02180939900552214
-0.02884920345773181
0.06071664391297443
0.08920076383357287
0.04468465815104529
0.02896405759871395
0.028809001123847513
0.008527878117480287
0.08892762956079489
0.06893106386811211
0.10580622551340126
-0.005112331952994821
0.0856161948429826
0.0162101703639367
0.007911054776208288
0.034677401794957916
-0.010696579163770596
0.026926699565939384
0.10169700833759546
-0.00839830938637534
0.04933776493290496
0.08345397345362539
0.0448153269148752
0.005139317231942143
0.05715502352785396
0.035917506644092136
-0.03660695781429349
0.01689901546014124
0.036579867915909135
-0.04473183775123396
0.020118882034664096
0.013627549303206352
0.0812636908781001
0.0505673060309609
-0.030981303731404175
0.034761997666811394
-0.005958011044869609
-0.05252028703092134
0.007733005223704526
-0.032072081773776656
0.026362352463388663
0.032655122695066395
0.03155933800542052
-0.021383989895694965
-0.008798625332304633
0.02316041533677441
-0.017785020680155004
0.025261594317553634
-0.025509286712944286
-0.0052884882512470015
-0.03964172786843029
-0.044489711802141854
-0.01659961473894121
0.047906557813425114
-0.04654076155395642
-0.04468688753258331
-0.036501837282879195
0.034378598452887356
-0.005794554539938844
-0.004165906819464299
-0.02620181455934825
-0.020929618863212773
0.009050946440758238
-0.04719784515199947
-0.01582429593008159
0.033884427878633765
-0.030850341936540196
0.00022285290847488833
-0.04046607826632625
-0.03022604525415036
0.08492622274259297
0.054383741986254154
-0.03905329969387376
-0.0030559286231156934
-0.006865807291590689
0.003267258063153918
-0.01006516286399014
-0.00913221529125711
0.01275311542306387
-0.024304100918697787
-0.0438695301786518
-0.010098772789498863
-0.03504859986457782
0.04545049307195225
-0.007518624723188682
0.009116419147905674
-0.05479686305770676
-0.0008454437615422872
0.008654114279848997
-0.013175565721080923
-0.028033226478326897
-0.04467868588264316
-0.03405252571386813
0.011616189854023105
-0.014220891698603504
0.03268307556247698
-0.06512889464778297
-0.04801987807650049
-0.03779565029921675
-0.02801646481372818
0.020041505211371834
-0.004933072302122317
-0.05290918027251154
-0.002191193513285791
0.03127170143522815
0.014529948888167651
-0.015982209078945826
0.003965905702875835
-0.006991967979486507
0.025025278038126327
-0.025751393404689044
-0.023196244818371296
0.038470086351139014
0.0184367570471194
0.03915561961478011
0.011706663335268062
-0.017101279979408877
-0.011806518649939719
0.012620710581952932
-0.01176839520763403
0.035813301314299044
0.005645610697910552
-0.058319984538474944
-0.034902650514439804
-0.028269902226682686
0.003307922530347029
0.02659259854987819
-0.006816928530795822
0.015974477255435122
0.006297798555104241
0.00419913798031354
-0.02575594990708524
-0.0004947724293670857
0.004490194496025066
-0.02889082779798791
-0.016714140197507537
-0.022854500320275705
0.03257603633890408
0.10943503203758972
-0.011208754388774868
0.006833546949635045
0.01851310864551529
-0.0682627588768616
0.07139437151007555
0.07600104646059978
0.05185312437752167
0.02591307282863924
-0.00030328795675066476
-0.003297243460162191
0.016168070691073618
0.08949042295123517
-0.0433280900036076
-0.0053312368654218735
-0.02857307922246745
0.011813716845282375
-0.02198141792350258
-0.050586267358414434
0.01878282222805118
-0.056609320370113354
0.04881865073814106
-0.031809056949265106
-0.05413248692130219
-0.010118091212248416
0.04378860301731891
0.008379456110360693
-0.05236897976827364
-0.0022777471055211843
0.03434115234607276
-0.05289570480095222
-0.06687514350752859
0.002813194133472972
-0.02103746184081134
0.02380289999436028
-0.008784803248445114
0.04721531487423226
0.041119251820314624
-0.03745438683097884
0.23322867489349083
0.12441875137181357
0.20944214452734125
0.0671826140070768
0.10303235538998283
0.03190430779123666
0.08149739697122471
0.07319723372228164
-0.01278576012010934
0.011571469083704586
0.04855165844965148
0.1918508027254022
-0.027682642973026823
0.008393361000238403
-0.05151350573754071
0.10135728373434554
0.11040175617504862
-0.012166136889050857
0.06738590815923821
0.03769067614105546
0.24450840810599206
0.1884417701245424
0.07238416665346292
0.04989715343380152
0.057317371950858294
0.046938182906151406
-0.016657400367930217
0.05914087086869574
0.16928522178214359
-0.030677406384998145
0.06693251373442284
0.06518527290028223
-0.0761156334669293
0.034095441236463866
-0.061426529814044666
-0.08605282044546493
-0.05502737428760654
0.023567234898988623
0.027418306762169525
0.08195401503469583
0.09941935322179458
-0.04556239552916673
-0.04226682316625965
0.07794463250711564
0.015948583240093336
-0.045898979961576554
0.14388215195270174
0.05129022210200186
0.1464267156411695
-0.018200535148639646
-0.03657342479872311
0.10867842397566814
0.08283858830357564
-0.06404803054905994
0.04988832006106556
0.059723671962063365
0.008895486377020811
0.12413134892323202
-0.03963057806992803
-0.06170926566297175
0.02477645491294319
0.007949614253903487
-0.0473455847879979
0.06997750913573053
0.07924995006519579
0.018009992438573062
-0.050388913936735766
0.09006678795848753
0.049871484887799786
0.011617165737134776
0.06670736647825723
0.030371626745579704
0.09285336194585121
0.10281576451470215
0.1132734958477281
0.07032819363661835
0.009264673139229943
0.04440165795735649
0.08243473300842179
0.12436334869428615
0.08990929823760443
0.00611883701375281
0.02166444886310988
0.08325442775528322
0.032074445516265974
0.08155553816472412
0.0900298498896261
0.11936336041612039
0.04608596250037547
0.11856900972940186
-0.01987554888559531
-0.024248606040159916
0.015745716135737938
-0.046329605569054744
0.04286419187186689
-0.028747856037158178
-0.014386143613346352
0.028229495186903902
0.029612007749786087
-0.002372772513965377
0.004064240149260384
0.007713355071941314
-0.005964320068456381
0.0036091832726044214
0.03323573884137573
0.03480908645992513
0.033762867424232124
0.021513831741285863
0.018806601658579503
0.015103227973200588
0.009772723936570719
0.0026204896278847665
0.03072007751158492
0.00008105056503038114
-0.020823630762019537