0.005224788996747914
0.14085135651924355
0.35947238508191076
0.05528583980336068
0.2792005976424091
0.05839997001385332
0.20783395123975731
0.5642266819740837
0.6079699539140776
0.1841812675972015
0.5291156693913696
0.28708045113615255
0.683217749636034
0.04033784620921884
-0.09678860864581393
-0.11704947777649513
0.3972424961721367
0.058589392704726316
0.2825474435876664
0.24336949000436253
0.138234085915329
-0.021550577999896434
0.36086056072352596
0.2402644094609459
0.7207478447870924
0.3634918480060467
0.16875050941944955
0.22888219796801376
0.2280663204231959
0.1868621424657424
0.08534306066644282
-0.1469381848929848
0.2873633075070718
0.6275689390734076
-0.05518627936646035
-0.02173467513427418
0.3945751799026852
0.17454392121865017
0.05220843155878666
0.4926967265614203
0.10467653684807951
0.2660283285378652
0.10976058885368008
0.27039009111985135
0.32722463285460546
0.23243094141129994
0.2633815121870313
-0.5052958181851398
-0.23973637633562048
-0.08117896371323174
0.32399421463752215
-0.04735153431706278
-0.03060558635844035
0.08970997244145029
0.4049133327328856
0.11608653087475795
-0.0795200212352198
-0.524709602504201
-0.15188332789809264
0.4532361912294814
-0.14054570277024786
-0.48369081420421695
0.11265064367327676
0.2180446415681269
-0.2196273545102877
-0.1417471644890519
0.46015479666881615
-0.18625512071049952
0.3834303214831963
-0.1425085544488925
0.15748565138563936
0.37292319810698105
-0.0906237675765723
0.6914093336622857
0.2754936911002851
0.740002229426021
-0.09132479834531221
0.24459045322017714
-0.016976581516115894
0.3141201644228842
0.3295082773037274
-0.08128304452602444
0.41999797684985857
0.3754469772630373
0.44375372340605834
0.039942193555219094
0.31715758385829856
0.7716857375869031
0.32877951127708566
0.20491112781927856
0.16463948391883323
0.3052227136603289
0.4096807645874702
0.16557225488664598
0.24805266831301528
0.2997585052352486
0.20022002064650318
0.14466076211992127
0.2796143962655885
0.0754442138638181
0.31703691152383634
-0.09637345298598393
0.18225150076349003
0.6893632677576688
0.24746729888142763
-0.14941821187991913
0.3232707939483375
0.4425530919180988
0.4305101048500357
0.3519074594244946
0.33213899919735806
0.6958038424596777
0.44712734832894896
0.45207974315493676
0.0632423875819112
0.27781094321352773
0.2930626401211498
0.3308148476681347
0.3332480081226974
0.06022705336343335
0.1785252958559387
-0.27783418283084177
0.16585649372843062
0.2915204368284141
0.42466868125687685
0.24260942297260812
0.03679667305680462
0.0637073618833602
0.19291593946239835
0.10174974440225114
0.39582101031682054
-0.18758629425163414
0.27729714270327477
0.3618486922502834
0.41477130412483926
0.31302932078243784
0.6382858447104282
0.13444277725839052
0.35321131999261657
-0.14595644643867153
0.03832214915776253
0.5674887229187879
0.05968942213029869
0.1223239771651958
-0.1211684865598919
0.6510220685338016
0.4683779546950001
0.4172756379513226
0.2116977684553723
0.5767491564449561
0.23216986516611243
0.2917353362434034
0.21947768892401287
0.37593002431760253
0.3034830788543665
0.7252579653323779
0.6511606249338758
0.5615455985901819
0.6592622429140242
0.6556631654156206
0.6061136391659867
0.5694603272405264
0.4347259591938174
0.060490220179399236
-0.05281517290752878
0.5637627555816531
0.3489997734043842
0.6515708777136348
0.3270643550104417
0.13474156790363875
0.3322386820599783
0.41719384319654607
-0.05016226726767102
0.16197339639594655
-0.007508896790585686
0.22099571678597296
0.2688328857245176
0.2263799573263184
0.33701190540289827
0.12070566341438808
0.3748119071276567
0.032200939767888785
-0.07006806353082476
0.004737780389519492
0.5284859504879411
0.35414313683000787
0.14194911649469924
0.5332804961248919
0.523659995791258
0.06427509260620043
0.17830245347658588
-0.28075736962323283
0.11109279300054448
0.26387647325453206
0.27573365251887433
-0.20557370214448925
0.667584803068921
0.44306341425875156
0.10429947225658336
0.023200249992122463
0.34787278676600353
0.470835656708172
0.25831895671760285
0.37809434965918526
0.46902671998527756
0.6787366234596834
-0.026391945372622953
0.6309778903997222
0.46485195639271387
0.3676507163640438
0.3299561486663218
0.5912559694714493
0.4387088887405001
0.5198537591417449
0.47569077694974826
-0.05187102587371458
0.5090167729740926
0.03242499897653943
0.1879432285954405
0.15121478822770776
0.0085573123856706
0.15692580209967827
0.07060662747653351
0.35843121504109937
0.22594976657393684
0.22142400035940055
-0.06358311078424579
0.13857456080789976
0.3734241396914176
0.23080405009448862
0.17141183895906087
0.3057629028743013
0.48627691147123736
0.2816226453728009
0.46320728717222254
0.45725170263571024
0.27464980219969015
0.23661312132925982
0.4829460451102511
0.15040349220420532
0.39904499113888314
0.309272376422512
0.3436431685809441
0.3196374113909658
0.2920964448408189
0.3290938375121176
0.40657613051581903
0.493975730590886
0.19728389177827896
0.28428695088526545
0.3329736434868178
0.06842553931088893
0.25231699313468425
0.1429446906739292
0.22619060199416358
0.44917399973754446
0.06587934504103292
0.3511113453385876
0.2624372759265306
0.287413146237488
0.37553504773984553
0.1427353908316034
0.29948873275206306
0.39551510768393044
0.6553891721940066
0.42927927419462636