0.007724578480536868
0.021619926013611054
-0.014401187065020995
-0.01697431539434044
-0.011683958194650283
-0.025402969700646125
-0.0477311530373395
-0.033598363327487536
-0.01176724518898041
-0.06646885381050584
-0.05070336195962388
-0.0359122168637585
-0.040152035323771894
-0.019463836938222605
-0.04256796209587378
-0.039954400986743056
-0.0029487165484136215
0.002152806304125369
-0.015486665778582723
-0.0482454075027638
-0.03596013790782787
-0.01677310569325876
-0.026963679208173996
-0.01852496665487763
0.03842811652609958
0.011550952745402384
-0.03899164893199737
0.00195233720099861
0.007127261245813878
-0.015954231765243944
-0.0077245784805368535
0.009357092564095707
0.001499594635500712
0.04054417200974623
0.08101777085887761
0.0780378899398105
0.05969189090374097
0.12243302021234026
0.16848984916990192
0.21736475326304194
0.2499464187668203
0.2536603446497773
0.3099608146354003
0.3327025237807269
0.37374298549148205
0.3652378293184732
0.39636778264690115
0.4045269838389932
0.37824476791683914
0.39603506902211244
0.4706736260725183
0.4975082123976767
0.49510370278080107
0.4726127071536593
0.48329302585857853
0.49502041849667366
0.5106971278661528
0.4927968020186262
0.4711685886209128
0.4941996806317167
0.5328585618387834
0.5567804113085396
0.5075555926766859
0.5376468120882558
0.5164902807196287
0.5380083100072899
0.5283224173136729
0.5008871172971675
0.5083189867429179
0.49717527800961936
0.4787448531268273
0.4883895635771488
0.503777101346317
0.5054988726285372
0.5031065560151023
0.4936146649010568
0.5202319267202176
0.4938846966651918
0.45909058987690904
0.4663986915494232
0.49048054278712383
0.48517330201060943
0.4662014905759406
0.4696564043053524
0.5120088013555506
0.47318091814031893
0.4852262580221886
0.4523306317574708
0.4712768251996568
0.4751357592863582
0.4481644695243547
0.477038088042071
0.46183643589235734
0.45475454850693486
0.4576736131073463
0.38603977537161954
0.3538216317219297
0.3595823043712171
0.39137503908363436
0.35654431665446173
0.3587246039528381
0.3397223589758696
0.3185435955725523
0.28717341552219355
0.279113943443956
0.24958673297764786
0.31994908900771474
0.23317096658862108
0.2102243939364507
0.23008883688304385
0.24093476748468667
0.23963274417438485
0.22797119045855238
0.19655633710825818
0.19447431075401836
0.19104050366897005
0.19442946291179952
0.16115593238941528
0.175751679570419
0.1965340950144778
0.12941407053071977
0.15286738335851857
0.11873784051280106
0.13738490064693465
0.09839012773849574
0.09718690059610208
0.07119401787257233
0.11057940086067015
0.0795036042330575
0.07974581325164935
0.04781038855007357
0.055804877891056405
0.040506502260958865
0.03380729339113497
0.05760599233744535
0.029275455721609528
0.003948074889140311
-0.03952110802761172
-0.03175499682968851
-0.031312932809817756
-0.039310798733522806
-0.006857047314363607
-0.024928764080567725
-0.013782835773947148
-0.03829817038563349
-0.04123622182566751
-0.028177026444959265
-0.007023146434910721
-0.03551449610633775
-0.043620012927965315
-0.014494962671832987
-0.06737269697970125
-0.06398371857864868
-0.026584885510036974
-0.05666812840233787
-0.07723916330589252
-0.05138792790861119
-0.019649100953194092
-0.06004316351264055
-0.046698943522056155
-0.07308642301861912
-0.08478189498876137
-0.08953408433969512
-0.10273964152803128
-0.060575731920696395
-0.09134571166554756
-0.08947821539362301
-0.11070267437679875
-0.10332878549200225
-0.12764489486983166
-0.11616673426431341
-0.1264217793876653
-0.16129737082185103
-0.12950233422933197
-0.14974908674762455
-0.12159420741214266
-0.1345945900064513
-0.12769948511335075
-0.14505543183079525
-0.1102670421479617
-0.12218551188549673