0.024174936526124742
0.02440416925015279
0.01287898478206825
0.02683996621307535
0.021565173907812638
0.026281761864850615
0.02883922341554393
0.01603297452950964
0.016204750709385835
0.01576627294169352
0.008256411420666547
-0.01224990153456552
-0.011230981201211734
-0.011958051770358536
0.00899205291358019
0.003302178873258657
-0.009155576587096488
-0.015772251168573753
-0.03372195980612392
-0.021506367239149626
-0.02401404233485339
-0.026937910489029847
-0.016829438706377597
-0.028621355904880224
-0.022970948126220428
-0.020798642520118166
-0.02082653454705221
-0.011540205324456466
-0.032825536651888435
-0.03466769498834477
-0.02417493652612475
-0.03828928027747446
-0.032635047137016704
-0.02318593894887505
-0.007107039310480648
0.014017586144434296
0.04302863333362389
0.06804861105900836
0.08935706513395497
0.1126339049518124
0.13245598829902605
0.1563868769710139
0.1825322990271016
0.19441135284516142
0.24491395023650864
0.28136858606246495
0.30686379909119715
0.31830984557973485
0.3693442756435146
0.38468155684664135
0.42428029036548187
0.4571770945980049
0.47365356784062096
0.4792874390407414
0.49776116086254896
0.5186477978681399
0.5587060424253487
0.5623127338598641
0.5624269244873966
0.5772510450776036
0.6028711734688338
0.6024517431921489
0.5979654457162152
0.6234055556318611
0.6349490915076746
0.6200820029063665
0.6262540767705848
0.6631120614265974
0.6561906801210713
0.6503485073629863
0.6457592853364418
0.6648419699044681
0.6585674921001304
0.6665617925672875
0.6515958449505764
0.6569986700365118
0.6712834482307533
0.6806374968649367
0.6739413079519874
0.6798277359343999
0.670802938754933
0.6634686781880421
0.6915748799076751
0.6735274736465191
0.6794943220129364
0.675637955617445
0.6728738922462423
0.6915162722808281
0.6717504262923757
0.6633897277939459
0.6597385849521229
0.6729207278396173
0.6728087675787786
0.649258619617491
0.6434344905318898
0.620107493052689
0.5920849465933606
0.5861514908312595
0.5693805859289501
0.5435928746107359
0.5317521525280553
0.5349195673027946
0.5073058679601306
0.4723320595780555
0.4648494549420692
0.462838581377298
0.45223998268642457
0.4406253137400146
0.43350099232018025
0.4195269822703761
0.42074929195731753
0.4012819001629473
0.3955712341578419
0.3814435767820522
0.3681735942276981
0.34661922805357015
0.3403964659558532
0.34915939409151125
0.34458665472024425
0.3317082794325432
0.3333980421432469
0.3146928755496773
0.3113862284883812
0.31409863877944827
0.2979217252311635
0.2939508074553281
0.2735369709232971
0.27826959669427836
0.2654679812189041
0.2704937302158523
0.2593427619528297
0.23421641662462214
0.23624966612160428
0.23327641206044114
0.22492003932534457
0.21496978410659606
0.18750854654536483
0.18350801333760502
0.17924913930030584
0.20211301218489452
0.19647609007936276
0.1912310977874854
0.17072404451742462
0.16539075320752256
0.17691603942067105
0.18006226304765108
0.17116489883694996
0.18184940448437018
0.1547545984369727
0.14620204684599267
0.14575524597524014
0.1561917319514874
0.1535128966843885
0.14742314413758703
0.14561800709853606
0.1330895969694452
0.13487883399575912
0.13670983718247573
0.1411775892441026
0.12189958459779673
0.12382852315669828
0.10968802527628466
0.12297679959939742
0.13028306894484923
0.12780994978253032
0.11545373629769375
0.09751581708212592
0.12490068293719586
0.12042341843727945
0.11533742967381731
0.1023136850695099
0.10468930333588422
0.10623471254167954
0.09979221661607049
0.10041148769196646
0.10299024443895755
0.09762626520301984
0.1141384580621742
0.09399409826922192
0.10084148420282375
0.0914856360050863