-0.0062924228288601764
-0.039236234892475026
-0.04307399471941546
-0.020273948178734548
-0.015148927749693843
0.00877033769072643
0.022107307559446166
-0.04437862758548695
-0.05139085695580831
0.014744610746592725
0.03870862446020744
-0.001289644596206121
-0.008324833463509351
0.008036711151181973
0.03305647559664288
0.04321494541374375
-0.0090920290001739
-0.010072091217252789
-0.030698088838112533
-0.01454799362415635
-0.009414742947811552
-0.028569117245582774
0.007547129974785033
0.006466585847233863
-0.03589718848098969
0.012086588703611399
0.024990270224170823
0.04521197118715589
0.04706139829702392
0.005113688892876707
0.0062924228288601695
0.053097416534239585
0.05397049548317705
0.07665171726013535
0.09427872622194637
0.0734649235824695
0.12143076120165835
0.1619220626418497
0.17083881156153585
0.1673727483140409
0.2594860854481625
0.2650985633516441
0.279572100094303
0.27327615873555144
0.29800701195957086
0.3169751178709479
0.3231116825979048
0.33409733213124465
0.35750357749654266
0.3990617489354899
0.38373828059331133
0.3970557205181819
0.45597578152792567
0.44537341548400144
0.45030018578495756
0.4515635696255564
0.495042654128481
0.4730127742179353
0.45991106039670626
0.49176128873411884
0.4486777343584662
0.46511033853894546
0.49509438382846155
0.50071908883272
0.5020620985276022
0.5068360009132933
0.5045227854037769
0.5684076087683623
0.5436882253966607
0.5090927862465222
0.4965056438047232
0.5491754093329293
0.5044572150977187
0.5153581112285652
0.4813719757628455
0.5227322728190376
0.49829483610847647
0.521981947714782
0.5452126005132767
0.5482181046001643
0.5297812132482239
0.48374281779139666
0.5075584846374392
0.5033049882178701
0.5298794578751345
0.5192681280601351
0.5170354748093307
0.48318664521291
0.5178671343551335
0.47938802667214553
0.4927771758264701
0.5049166336735188
0.4763070823971665
0.5035782288898553
0.5053275163223461
0.48889027383082584
0.4732223112501058
0.48374281013953263
0.4713543850399216
0.43774724682821586
0.3502918005307338
0.39605062432880284
0.40783597239657887
0.3520165679755942
0.3403491574500947
0.3660534514668825
0.3417695217472907
0.3151970621720535
0.3050414148781945
0.358635734271853
0.3290525731761539
0.33950406555191576
0.34016543555643264
0.3056650910150332
0.29614697534752465
0.29642806554047335
0.30543454603423464
0.31168434210342433
0.310741656251237
0.3240145502455891
0.30774174137506877
0.25043302492022695
0.2344329462474347
0.19345855220322977
0.2687685968748126
0.23618044569413782
0.20227092062252025
0.2115535074032291
0.18559553365901033
0.21575029087710726
0.1948441219273579
0.1911156724035769
0.20653769767736985
0.22179639104748797
0.2055014330864287
0.20536382035690795
0.15709784391310896
0.17596805058357753
0.1380989865753294
0.1519894287505836
0.17237792651129324
0.15737141437678165
0.12872332803657477
0.10536168863241864
0.14237867883431687
0.12952108671066112
0.12731890097533952
0.13211197308257822
0.12102370182043132
0.15057522453113184
0.09559472606900175
0.12585660302803922
0.1766571980680994
0.1542285475455127
0.12404255157520973
0.1089645801045347
0.10046499502075341
0.10571967715139724
0.13424034174009838
0.12459180899864855
0.1433403134051037
0.14603969391281202
0.12578582326097495
0.10839389257718617
0.11057676421674022
0.12099246796330776
0.12572947515758282
0.1640054717678945
0.17070526199375793
0.1554814381121939
0.11080564196152996
0.10756383720732392
0.1390873250202743
0.13150024741658078
0.10694003518443716
0.11132063083843277
0.12298357662536698
0.1448828057498181
0.08958536021771786
0.10130287817404761
0.09177130492783986