0.034000495422470925
0.04346146682700755
0.016215798097238266
0.03723153466183453
0.03618537537361199
0.04648184667366572
0.02877176549993816
0.036329379524204744
0.03611998894173412
0.044051992166533056
0.03533237651402498
0.008990644665517309
0.006124721708566513
-0.01807271562355611
0.025699872921957884
0.024723156810454314
0.0023230731534228974
-0.013953575113986334
-0.011715440226175322
0.013619887721237298
0.01532263150933166
-0.012383816347360205
-0.003609307799641283
0.002013470595315613
-0.02407219940061379
-0.010804675727652221
-0.014971830249602783
-0.018803487572153443
-0.04444664799892777
-0.030816118650949503
-0.03400049542247089
-0.05193160244532795
-0.042514992240395844
-0.03029262810103605
-0.028726925425181786
0.01875095026601531
0.0678323721934354
0.08087371162627532
0.0955086471023701
0.13877389635331336
0.14717009103475007
0.19325557782221817
0.19164938558249386
0.22667150369933303
0.28836483859506534
0.32157118229095527
0.329185698412647
0.3147036273215129
0.3769459159702121
0.40780258059364677
0.4169096018922322
0.43699724806226814
0.3962315670828574
0.4397701480767912
0.4333986125952247
0.4367997678121568
0.4799805712968017
0.48684117836876256
0.46926823770332343
0.49691760299591425
0.5575735203178237
0.5351592718849358
0.5019267793844807
0.5208715267485078
0.5524683051391245
0.5534229963490551
0.5163157761266336
0.5836721258923057
0.5228129884062892
0.5655368802542673
0.5356340244944582
0.5124495117726944
0.5255894876530629
0.5533770291480928
0.5042444845379374
0.5375915487377997
0.5775959353654396
0.5677036444390835
0.537747303448129
0.5440701320475816
0.5662582164755421
0.5456645773101193
0.5791840802921364
0.5703387513619939
0.527603370887032
0.5119642123185811
0.5083643461760415
0.5568009538855144
0.5312551160276924
0.5179134274985074
0.5368991746574046
0.5039213006411116
0.5235034835702826
0.5275138585422037
0.5316454492204438
0.5089962286713932
0.5000169763678164
0.5100893675462109
0.4754602276797724
0.42667208607851226
0.4421051964177499
0.4138782561043654
0.38726981832174195
0.3626850996126389
0.3406101887640381
0.3775746402482547
0.3743008766105025
0.3702080228423356
0.3485512494393403
0.3490736163949175
0.36659236820974167
0.3446755265462234
0.30091263757456344
0.30126823130398694
0.2970405369056653
0.27475102095560133
0.28789547767878704
0.2716304443080731
0.2662109382530546
0.24517787619932144
0.22471117023055615
0.22555667327531997
0.23847418243112847
0.24981148421946203
0.18011450818909927
0.18253943172245626
0.1832098947046637
0.18325424114895691
0.18377069872831445
0.16362327300980573
0.15340884460764243
0.11952067133108109
0.14167525795073033
0.11101330857405858
0.13317101915420132
0.09414373942781447
0.07385835092394863
0.09067307039481051
0.1077743076562028
0.08725401089891135
0.08594496284000026
0.05185930584074014
0.0350420705701011
0.05355845197183322
0.008858887006890422
0.018757534320906842
0.006336071368519615
0.009351247731655573
-0.009537889204442034
-0.024429353335009302
-0.03672889537225371
-0.045857690764946564
-0.03358448932965738
-0.03404843801090047
-0.014972579781405686
-0.03168278840992512
-0.05614159563182141
-0.01842654874245526
-0.012883913342199895
-0.036585859542283085
-0.05111129920274569
-0.06287892206178851
-0.006118848095959202
-0.028334079700597408
-0.06549083828041379
-0.040786555861714355
-0.05238606153255911
-0.06778710163389194
-0.09170468270068198
-0.019049251335898146
-0.037793633854368444
-0.06197747808214549
-0.06358331516518946
-0.05764895492773276
-0.06686105835102477
-0.02076847632851623
-0.017337428849421868
-0.034623479535428915
-0.03735964037723614
-0.051829516465382336
-0.06742096487627475