0.09873318489514421
0.07127205989231283
0.07596474700871392
0.07290327420446385
0.07263959881105235
0.06175668957850688
0.06438050427199372
0.06650277521774844
0.0729686764008921
0.06912565928594652
0.07248976708162369
0.053972470436037
0.04893495594672173
0.052337818911252436
0.0596545403964283
0.06369375525921761
0.05276092665275424
0.06712397030316407
0.0498305694811649
0.04360547836190661
0.03836854258942039
0.07089721911359519
0.05618048270022683
0.0358808473844082
0.044635552749063695
0.07013137763428855
0.04546905979353559
0.042448745423190666
0.04911251824708979
0.040115875626362256
0.04520960532012904
0.04849512990401608
0.046665088769371615
0.02892163692627187
0.020412629477794042
0.022916657683017923
0.0192158016514871
0.029263453456577163
0.04583996366686116
0.028340835580127448
0.023365860380283206
0.01599219964810084
0.014231263238914013
0.02150444018041242
0.019087269096202883
0.010512113426664168
0.016547331805589288
0.028163963437542388
0.014355459116362988
-0.012054033616497793
0.009351111668358286
0.012492139556386034
0.007572960233340224
0.012433688576068568
0.014755640422816914
-0.0017897731986713963
0.0021377442155460524
0.004330441776020793
0.004687744369040783
-0.0009013531102055111
-0.005870591061015998
0.01466911926796334
0.018669639016643078
0.001757019239491427
-0.00005201075599385168
0.0012294977033693655
-0.005179170216669218
-0.026320195594709224
-0.003936878567437179
-0.01573662980713597
0.011092407415179606
-0.015011359466327772
-0.011462465109817861
-0.004798751973096484
0.0011071105386093094
-0.008965798585645822
0.00003970438096998695
-0.005198313934893
-0.01239132616789324
-0.009398954370880341
-0.011515034778408404
-0.0015293370672982102
0.008763840726907494
-0.02066465080283953
0.0019749109797048445
-0.001530712936244405
-0.00023787125348205228
-0.00899292262226323
-0.004199791579676182
-0.010214001818206442
-0.011645872638162125
-0.010128455314840867
-0.005219509425752454
-0.01965035864691463
-0.005382024067432142
-0.022661696167258574
-0.016225745528083913
-0.046649306397569146
-0.02810810485625077
-0.013186863392790507
-0.023905019719211204
-0.016537973206285927
-0.00790250164984048
-0.010074421078555103
-0.018503761041370494
-0.01908265525611782
-0.025610584467070593
-0.04393626513496936
-0.0345564975636645
-0.019428997517790796
-0.039149779952559575
-0.024124812683921457
-0.027341531125749257
-0.019598963914765247
-0.03188580857081951
-0.053033232625880035
-0.032193157493404685
-0.04095609618387185
-0.047436325080391334
-0.04452672839653686
-0.03564426386932252
-0.03511897825476773
-0.03565874734261106
-0.05020473696255356
-0.03683519117008972
-0.03419892134301238
-0.044969904021204626
-0.039939953942743925
-0.033993609992904655
-0.026878519770821507
-0.03079181908675686
-0.032940265278542935
-0.04183676196119058
-0.04846472272295612
-0.04306528201384487
-0.04181563090517849
-0.06059938310502847
-0.05574210824072277
-0.05705863749274561
-0.061211778433787584
-0.05016227763915213
-0.07641346622420551
-0.045795841591209946
-0.05836406621231187
-0.05191848683699653
-0.058063543957151305
-0.05973686703147438
-0.03225770986521853
-0.0506431029511786
-0.04865280270202897
-0.07442470809551331