0.015616718716513442
0.022198618968308406
0.040998573589869386
0.028512847412155047
0.03623520180669653
0.06448216807311831
-0.00023103078172799366
-0.017220316684358028
0.012551500277907432
-0.027844195818198827
-0.029312880053403094
-0.02204660555030562
-0.0820918942535234
-0.09301731640141504
-0.053144837041604394
-0.03292029052485941
-0.07968370585719686
-0.04703249535959704
-0.053304859228616774
-0.06640336318268833
-0.06924749337509242
-0.05102411715551502
-0.04818937300005984
-0.04110648192878703
-0.04251566386120869
-0.05406816533832982
-0.04892802887651791
-0.038495548029250926
-0.04941260933626532
-0.04507876136068951
-0.01561671871651344
-0.02478726507064727
-0.01757884299515602
0.002204679260776775
-0.03377625826637675
0.008203137285046807
0.033524843469641595
0.07716556087644011
0.12661881784478698
0.14804404086356437
0.15620601062221212
0.17444737440250355
0.20438675627385533
0.21478932136732595
0.24690856387211238
0.26784657134300704
0.2590041922296211
0.2651621270795501
0.3016023038381993
0.3208057684010508
0.3202551490437444
0.3158179046181563
0.32229365344620853
0.34394929278788977
0.307532980099842
0.3157565660007887
0.3345925249695708
0.35887807677439304
0.34029251093452906
0.36817746842726545
0.35692710586557486
0.35025190969662456
0.3343386145215781
0.3740016715527496
0.34260070544438326
0.3818044459792165
0.31979092475715026
0.2809708280571018
0.3396108690715746
0.3444416605420697
0.2943607933224482
0.2840502884515933
0.33260297985903825
0.338443439974425
0.3535090274677688
0.3248935619452573
0.3416926391314465
0.3295859699815731
0.3497949354840088
0.3433241968064432
0.3273966005274064
0.33864576052411394
0.2969139570046256
0.31530950972144667
0.33652787675610146
0.28891767131875284
0.29333492769480507
0.3067770995693522
0.28678940787708634
0.27529752573107996
0.311348188989439
0.3171029250884609
0.2978613769372748
0.3085323177432924
0.2840828741266566
0.2399979312005188
0.2682142706821753
0.21787189928473638
0.23765123810624184
0.2266462090800826
0.21506403085888445
0.19607151584279878
0.19751406211453484
0.16578202359362498
0.15408000357977794
0.15151775368240245
0.16175583316780603
0.150084405313835
0.1549395861670632
0.1558107862298391
0.15535838069586444
0.1259705961494132
0.11161342408877818
0.07587395742598331
0.09094660432026197
0.09079747080560976
0.06040254863927887
0.08597422690995954
0.0764302685893743
0.06670733957632624
0.02281289100969071
0.023568023167232603
-0.01107014905377708
0.020292257162271437
0.05592560076392501
0.033514996250492146
-0.013711966625379966
-0.02264987948509709
-0.028784583988847996
-0.015219142729022958
-0.054585125629571525
-0.05774710352534496
-0.012764867701892998
-0.017778532621047935
-0.047346366164539744
-0.021837108840751105
-0.028242255898940607
-0.04444645690159527
-0.06612761500301818
-0.07426302750343824
-0.07707528910313571
-0.04683796744987687
-0.042514332135901986
-0.06904240170859456
-0.09188786569270084
-0.09458950014465775
-0.07303466058884077
-0.07034331580343633
-0.10919821980022185
-0.09732948539446648
-0.08969522162324466
-0.14641976721735273
-0.13593839703644248
-0.16974236881034116
-0.1318392320239161
-0.11447962084804503
-0.10874829658957035
-0.11440889554600914
-0.14049561812931813
-0.15145482883093545
-0.13496784898995381
-0.1474877854522405
-0.13639723168308102
-0.16187123020804328
-0.17120099609846226
-0.17308375319306293
-0.1602936713798212
-0.1776302722304223
-0.2068239628960401
-0.17562761085532475
-0.16664913579036494
-0.18072591502339583
-0.15683821860812958
-0.16053812833869296
-0.17358154111259602
-0.1563445623519126
-0.14445348171688
-0.1668879562046759
-0.1542341537900703
-0.16668359936302865
-0.2204039091226054