0.2522805175409823
0.07955654623844649
0.1206810992538263
0.24625388146661567
0.12745012727633281
0.660071889396307
0.2667651585076898
0.5941791989630267
0.14228892055015455
0.1291702445432976
0.39395533068580046
0.3096736128883657
0.1438922648747654
0.5689905589039174
0.04407621413244564
0.2884941960172611
0.5640139827713373
0.0805789282279166
0.4774126166247051
0.35112911430068927
0.30044558330612187
0.4716477604493873
0.7813054585190528
0.13955430140217953
0.2906720882426451
0.2970609511406825
0.2438649810859484
0.0782815158343378
0.12378911856335445
0.14220618431634524
0.05295996158764393
0.16478095302060883
0.11417814929833431
0.2655570948850511
0.09595381813042869
0.1272774710526675
0.36515303990142006
0.2640405822464721
0.16091082160399584
0.3210762103144223
0.18273320196661047
0.07999683313759524
0.34035002386194957
0.07786497401715028
0.534059044292813
0.364157627129765
0.4335440928635215
0.7048371627665206
0.09431543741372682
0.2175831422401163
0.22251972277577886
0.11812509144303043
0.2428201819802053
0.06702711036689438
0.19357735172930832
0.4122193637173439
0.1933056958433324
0.282820653013261