0.022038706950866103
-0.08626324740470778
-0.030528720952875652
-0.04678019424194835
-0.051578620885661626
-0.036762625986727
-0.07398706235482973
0.04179555942564499
0.15484455814132692
-0.007044611103534304
0.12295837735554097
-0.015467908401957373
0.14080771146884896
0.15524081246451735
0.28339660508435627
0.021587136828041732
0.0819590033473489
0.07878313185926435
0.017113248874192875
0.015594446052926002
0.04534627809481657
0.07571377822651086
0.06854701621865777
0.13754482827743486
-0.14178498269686388
-0.3139287971225043
0.36172916301538066
0.11404942650894948
0.03951511247024223
-0.06791998466535612
0.1982965650805882
0.13269033214370565
0.1915264055126821
0.16269482910283345
0.1716665426467289
0.2679319192011368
0.11771357881449171
0.1442360758247193
0.22078879485372652
0.1469089340713576
0.06517289549275053
0.134922384606399
0.0783909505998827
-1.1478856937778925
0.09216556026346943
0.11861934106332868
0.1718985520203718
-0.023726048448681238
-0.05489421882798261
0.1081515545367372
0.029603584360856243
0.10886832285840833
-0.025554156902983183
-0.006652971421404846
0.09809704952018274
0.1601319686003325
0.06405731972751902
-0.03449655837643157
0.10259452794227535
0.007046482882384725
0.052589273666649346
0.12581930907451014
0.25118971241213217
0.2691551133256365
0.07970782829612628
-0.3344128691202917
-0.07294283520796663
0.21915431642780697
-0.007035865440480448
0.035222971394686234
0.17464971182973896
0.20485296390896626
-0.16173121833456913
0.2528157847582457
-0.2286884606216551
0.22198527463994935
0.29173479429053667
0.19900347619341033
0.11619242663787839
-0.19343865020446088
0.07978228146552513
-0.19367665103220688
-0.01444238896281149
0.30453766367364277
-0.1041771219398665
-0.10291314161210297
-0.2568945474455918
0.12331818266744601
0.4512763141434903