0.021363633547190005
0.028093674165191117
0.03544954218808916
0.0322525936306709
0.03866135255218682
0.034457579606959186
0.03256837440851052
0.037684765968076614
0.026207684332798353
0.03028537525094589
0.025969164408711082
0.035915907615702285
0.03753901355202866
0.03857010922298988
0.02500852300883312
0.03248192403700692
0.03973006266263686
0.03734250945006303
0.04187558531600464
0.035663529166417296
0.026515073916358604
0.026100973684979656
0.04287801289979845
0.03125610948296027
0.03293579769487413
0.042790584473805925
0.039186301264101664
0.032641641390261496
0.027991120716426697
0.025473455562882365
0.021363633547190005
0.030479151973173493
0.034734663844857
0.03344898740917809
0.047401116716563226
0.03921997920169168
0.030749027663366152
0.046615138824164175
0.04303067066769243
0.03635955951374465
0.044641545185065634
0.043359029711083165
0.03831556118408215
0.04555304464885699
0.04473597312809107
0.04631093077111536
0.04798081220845846
0.051517619451425564
0.043637290390338854
0.0426548686417639
0.04672382782514466
0.04276327227162656
0.042126859443309135
0.05147799660676047
0.04297780479961873
0.045863321434441655
0.052036314210929725
0.05065419814593565
0.055748182019562234
0.05435270981275566
0.056628769223075026
0.05561459449030926
0.054963911928218916
0.053149449174120074
0.059196058488449214
0.06399315213975455
0.07086476478775372
0.06893805688387754
0.05550644665881732
0.05108414900076682
0.06378625027469292
0.06437764070477188
0.05576203326549976
0.0637110028809066
0.06587931579778183
0.061867929276043995
0.06492341140829495
0.061556689537273904
0.06606163673886198
0.06109331587754406
0.06713470125527564
0.07593487271061304
0.06363650235462301
0.061989504279541766
0.060123056254892226
0.0692577667102414
0.06825469410634452
0.05926631905447906
0.06726642556390808
0.07176906654298615
0.062211290350737726
0.057197564116932276
0.06392954266549013
0.06311284492522001
0.06444799002666321
0.06737671661478535
0.05504827080197509
0.06601182245101217
0.07038132919798945
0.07242198492370235
0.07239306903185308
0.07520836850981447
0.06847777406722984
0.07094863121623529
0.06910733010408926
0.05796805296231871
0.058678704961823036
0.06539216667040149
0.06454380671944755
0.06408990494228513
0.059362696246868206
0.06531762253157324
0.061502788261305674
0.06817327471862321
0.06245590815266098
0.06866697231966962
0.06287036183205146
0.0605678062189395
0.05980568008618248
0.06488470041712695
0.06333606866131716
0.065145189058748
0.06770881221691863
0.06396305629470646
0.06025054209323131
0.062005964052384545
0.0679885418776921
0.060614200696332866
0.07799474082380099
0.06402682502272
0.06915249524554085
0.07500169265229227
0.05582987161360044
0.06281400941204361
0.06124742870097064
0.06437977233579124
0.05820232994875737
0.05365510127403885
0.06431731709174233
0.05623245448276753
0.05727919290197911
0.05091780454049497
0.05531514695896997
0.051698815894265886
0.050811996784492726
0.04701133515228358
0.05186700162748427
0.04869099839909069
0.04850626210638913
0.05127177043430989
0.0607110846964137
0.06096787447058783
0.04915208124082029
0.0606241755907699
0.05632241507577018
0.05020692201524604
0.05924892592230667
0.054320345451996016
0.05326497784607864
0.053228050514881525
0.0636823122066504
0.05504422796853775
0.05138074984751243
0.05634357338393964
0.054316035381011554
0.053366123463822926
0.058031624779050286
0.05527355301716291
0.05938335825694094
0.05383479350950887
0.05198478474088078
0.05763789050035864
0.055900480675301074
0.05187308010229624
0.0653303283159732
0.059215006569764375
0.05319080656446144
0.05700503241767643
0.05437196885731016
0.05267064584184425
0.05028995099759778