0.005524397727241116
0.006608833332485654
0.007420780638583652
0.00576611296346118
0.0058071834275726835
0.0061695623935051685
0.005079776135011663
0.005370483261042988
0.004724982892095219
0.006110974083283724
0.007880530370993963
0.007223846363233333
0.006975665405038137
0.005762210876416094
0.007769682759869322
0.006481043626194567
0.006599112411219205
0.006909246320895986
0.005820279231964702
0.005393899336921788
0.006009015383705042
0.006872827594589861
0.006075598837512138
0.005816074687861749
0.007050590106613703
0.00803187220990624
0.006923909479243959
0.007675478470795286
0.005832847098067729
0.005305308063230535
0.005524397727241115
0.006482729208424162
0.008181379931529231
0.009226875762412358
0.010337789683893298
0.013679629966800931
0.015808670556988393
0.018198872627663284
0.021187203153129514
0.022536566118121024
0.02339854531905375
0.02498400650197362
0.025485181976121336
0.026777771830397454
0.02809612262348382
0.02783930522736439
0.027613418791485215
0.0272019628689217
0.028215557316174023
0.028196168865418713
0.0277971152898949
0.02813164075040799
0.027836631243782797
0.027705164209186547
0.027049058711201047
0.02892664891653883
0.030125384044426006
0.02895870600270113
0.028353615269725702
0.028599483740458894
0.03005092402199591
0.030603215157289324
0.029444434543675856
0.029915607290879758
0.029186454036844278
0.03848270656747189
0.029714275931202034
0.03077741456817397
0.029682670142466075
0.029970961620263165
0.029799536795929896
0.028623337643232966
0.0299051774995343
0.030024893081401275
0.03138097214900618
0.03140820570528594
0.031681008506255645
0.03147510896457174
0.031189413862627188
0.0326586227310145
0.031618020067280574
0.03275527220515858
0.032781570114225125
0.03397123660736871
0.033455714149561895
0.03364186230469448
0.03320209372755921
0.033288995439181096
0.032901079558371155
0.03444914387411996
0.03426907721415271
0.03419595657277306
0.03489420306418337
0.034500450304829434
0.033581460997377625
0.039095118835882015
0.03487548305518987
0.03404154659539771
0.03322421647131145
0.0330002187127652
0.03402211077816175
0.034902935886131116
0.03228796638871501
0.03538306242422182
0.035218533817026186
0.034840183166035245
0.033886562094821736
0.034049786385913675
0.03516026042417057
0.0340095013118377
0.03106767357841241
0.03193729659979301
0.03265661457794957
0.031833499112479006
0.033144373093274455
0.033727717578890946
0.032839415879791514
0.03317394301778771
0.03348141172588701
0.03174726221783334
0.03192146939590577
0.0332434065648996
0.03194797945387196
0.032704756073307896
0.03169649689868681
0.030526430521800565
0.031226151018851157
0.029941037993519517
0.029515667050651038
0.02999050639659498
0.030620527803986032
0.030902714698808318
0.031125215902914543
0.027244604076705356
0.02720392419207378
0.028463963020885108
0.028482637739659526
0.028056350880532033
0.025575665840371693
0.025453938100915004
0.02464496804067153
0.02534739579192061
0.030406455967659972
0.03334789463359722
0.023486323828084018
0.022346041454053292
0.02351047949841631
0.022078955542335185
0.021612578452836154
0.021868452667932116
0.021458975803125124
0.04128286510368488
0.02019884639825622
0.020856142002014248
0.01943313120834648
0.020241908095336675
0.020089995328204595
0.01832433815616273
0.01933443412504723
0.018674770396354397
0.018358335306404745
0.021765390506533717
0.04454268277337374
0.018175292158377543
0.01635230092750417
0.0167663403171715
0.01696106140551514
0.016542118321288067
0.016047682098848364
0.015415518313122049
0.016390931887903137
0.01538345130288409
0.01507533521315444
0.014786479889951302
0.01441405093736754
0.01448474124800088
0.015691481265016568
0.06484921281021552
0.014444183726741298
0.019946442295321214
0.01410304274310317