0.021021381790567433
0.01721226447273699
0.027005364957827856
0.02197930505457343
0.020115529415080803
0.026729011206450312
0.02524483196441432
0.023772300744885455
0.026812579767856514
0.02561064379746824
0.024658084170085304
0.025841443790159336
0.027662256975568105
0.0363231466735345
0.018990993661930244
0.027326387676228497
0.03554070359370736
0.034722847277787496
0.0249775461381298
0.03556615695586954
0.02552527060527312
0.0309708085176245
0.03035864989984446
0.03677227842062766
0.053723666958879895
0.03201139934344892
0.02508686917142832
0.03338071526152698
0.03601407494148264
0.031053885781397356
0.02102138179056743
0.0263759343793618
0.03287219697506702
0.03430075541083392
0.03213199761794758
0.02411615565664458
0.04123890736566994
0.03171391036417742
0.02965123092093877
0.037314960336973194
0.03885055473366525
0.039678295969915144
0.03521050273862226
0.040500324034634515
0.046837176447890955
0.03261131318204056
0.043995656694357586
0.04424639586641507
0.043783456299963504
0.035631368288000904
0.035892320024355016
0.035389002314145455
0.03921640201881255
0.0333044397183606
0.04029628535941534
0.041198312483458746
0.03530955825673665
0.044774866471009235
0.044728009672207546
0.04894688803740959
0.04975312306984687
0.04480249604430109
0.04655998971626716
0.0438728063519522
0.04023842334451446
0.044806587237758363
0.048306457756952303
0.03957107066520956
0.04634759333211529
0.04653286313412863
0.051611262343838865
0.04847317432728
0.050415185954537735
0.05202418200916893
0.05065707287610641
0.046205148274711734
0.04818480592065168
0.04451667580335469
0.0452606076589997
0.045845225998858104
0.04232316737172902
0.04441434362264044
0.04483355483993072
0.05014313754091827
0.05004645951381285
0.055848597870613546
0.05880238839021792
0.05112404026519271
0.055069768422270626
0.05775002874654966
0.05759659153676648
0.05942902639269652
0.04938719005790976
0.053987599889721044
0.05466734710348916
0.05329361414762939
0.0512739334359044
0.045577236172486844
0.051309899386776
0.05383836223778539
0.05220107703734672
0.057416347260720146
0.05592777313622203
0.06177263071777064
0.05686283388720279
0.05487723608033868
0.04984699836274546
0.047524287473180056
0.04905817635622788
0.04831051497674622
0.045151987382346694
0.04733133453180794
0.05754709772418122
0.052066210563139585
0.06303314820707467
0.05961488893309339
0.04415010365793484
0.045549365651947
0.0494109384178443
0.05736702686269856
0.05312453517225966
0.060297583242465126
0.053538700987434865
0.049755196264466825
0.05854674001238571
0.051030523847185656
0.05909931957517036
0.04681866496829726
0.048261101008842504
0.04501668969605194
0.056288700807305685
0.05063184056496314
0.051879880580212714
0.04975597101836888
0.05011045058661829
0.06740906437535896
0.06041990655335068
0.056883924888299305
0.0498640200116329
0.05624052125520244
0.048775333996490484
0.055491927902966885
0.05242589515384324
0.04721207676229471
0.054958578283639016
0.050152995646401397
0.05056911035044328
0.04832913152347277
0.04848019444819419
0.06198444260687106
0.055169085962905005
0.0521954298732353
0.056689262688685675
0.0546003906213607
0.0521259721903463
0.056334281477367375
0.05865593267944754
0.04642826221766491
0.050114842434532784
0.055453509680903096
0.05370839375249018
0.05402801230791739
0.05220846158556968
0.054798956016816336
0.05952829369730487
0.04744464870088346
0.052235183394815934
0.056649305865866736
0.06478564665378396
0.057600403911911145
0.045195718138261766
0.05845991181493012
0.06043595304542185
0.05949263224840624
0.06447318041390053
0.0548433763611955
0.056775747960768216
0.048011097591172905
0.04131327133579333
0.04618701525986789
0.05759567286171077