0.0062174550316098235
0.007708499663784795
0.010128645779275906
0.007956383704516425
0.006706297155646531
0.007936669461260853
0.005730202007762851
0.006491394038655779
0.005440472675913131
0.007781185987223405
0.00979222858622824
0.009329515755636144
0.009108678974477404
0.007971379045612488
0.008926273758959997
0.00849750315519348
0.007491541513622562
0.007880289820415965
0.008381816566095409
0.006427673833328532
0.006920609328625294
0.007402495633103179
0.0065167218954907315
0.006984827992435096
0.007971919946660425
0.007409072300212626
0.008022602875813144
0.009537372354438845
0.007350633199465125
0.006707104375594303
0.006217455031609823
0.00792741462639093
0.009209881132229166
0.010597964760741919
0.012590793486524251
0.016610275504139613
0.018946634000454442
0.022591115461469854
0.026268263120419872
0.028599026801163743
0.02939685380725138
0.031233699012747054
0.031926305069043
0.03379811020627684
0.03435398378244027
0.033957267671024575
0.03303173676489124
0.03293357342805054
0.03488761676252427
0.033899621227868555
0.03420898265860124
0.03415521674404616
0.03268298332902983
0.03276634611272082
0.031578934714717226
0.03380945860054061
0.034592080764482634
0.03292160996989552
0.034158852474571115
0.03313519943747424
0.03506117255016321
0.035800039093366785
0.03443884312085813
0.0348416771515616
0.03418931239858061
0.03543079444735109
0.03506395520723775
0.035363377619171375
0.03402182883477136
0.03476446481151775
0.03391912448794144
0.03325727870711613
0.03472134567893447
0.03642443786800243
0.03727610370152731
0.03736768311520519
0.03634230607451007
0.03542591453534285
0.03662295045348173
0.0372794780350769
0.0373562615601564
0.03868485074215406
0.03804594909620139
0.038471306806900925
0.037742983374107975
0.039201820856723475
0.03808241551530203
0.03798008158885488
0.037922769122969956
0.039349753923981934
0.03844414331314284
0.03969879884263034
0.038524366101721594
0.036978549317660654
0.03812837665225193
0.036709472766658285
0.039207836112436695
0.0380423650012102
0.038470647312998776
0.03819000287625691
0.03948474637731289
0.040753225938190155
0.03640067660236593
0.04259298113844793
0.042854734783972975
0.04203580141379814
0.040705039956952585
0.04144766368349649
0.04262472830506572
0.04094365053146495
0.03767723582654565
0.03940335864058584
0.03852607143627031
0.03842394015883018
0.04064283365231813
0.04138981678049305
0.04141740851690296
0.04213170039810853
0.0420363309170625
0.039967661694832714
0.040269307005373005
0.042346068930893724
0.04049332289266206
0.04109480717531826
0.04020618292472867
0.03850195118653884
0.03885955027370772
0.037789353225029264
0.037446791658085905
0.03796272976470455
0.037953909292665386
0.03866203937215322
0.03670297190973383
0.033274543341458816
0.033749644377622325
0.03517971351474211
0.03529810740405265
0.03174562971651848
0.032364844353000834
0.0313553848589082
0.03031822556854355
0.030272175525104684
0.029451335684115634
0.027766344649669702
0.027981388810093277
0.02814452516845378
0.029268899086948474
0.026416514266179573
0.02646867845990899
0.027197727547377766
0.026914650492824505
0.025995132609525476
0.025006173362725183
0.025189890157795495
0.022776643158598717
0.02475530546228511
0.02439534955075225
0.021652850737914803
0.02260664649558901
0.022958054527480672
0.020723101309526128
0.020556621420048094
0.0196186065183993
0.02056543519738561
0.01949765730017284
0.020587184622093326
0.019936376820988682
0.0186973497009015
0.01932123511912699
0.018483823585384737
0.018713331696605214
0.01787428490251269
0.017024137018496924
0.01677042538421446
0.017065748745419135
0.016447129366121763
0.016726237732555507
0.01628012972023457
0.01684376541197272
0.015249238703497535
0.01665575606865915