0.008698972408290219
0.014635427393014298
0.012047227972850877
0.011599513766306219
0.0110581493912524
0.010383255223657371
0.010978074876190368
0.01015235582058246
0.012125107626846482
0.011073227467328304
0.013847121600547962
0.01180336586204081
0.01301401391455511
0.012310152793597607
0.009048835295842354
0.009791768329959167
0.011744429273976566
0.010506553190290263
0.011591220805794411
0.008785536812240131
0.012197531015320702
0.014002565191075756
0.00984874990848331
0.010119903663309756
0.01352260711406882
0.010064615040632476
0.007907728731747651
0.010498761472223252
0.01310220987855055
0.012118704895871553
0.008698972408290219
0.018544879782446327
0.015653635183780563
0.01165629416204403
0.012632465284122497
0.017803967776796756
0.01600069298378864
0.021958259283844792
0.02093688975316174
0.022102269288354178
0.023319435148470406
0.0264257024739889
0.02539058920795916
0.027634290136831434
0.02957020915688107
0.029216659318388183
0.03096611950312201
0.029767420105832783
0.0312821608968312
0.030619507241217966
0.03367477028214642
0.03599999798789996
0.034657185729958975
0.0363379866229768
0.03563487073362854
0.037620639514898
0.037204185007921865
0.03606989656984652
0.038927355680020335
0.038362292675288824
0.039803103820652275
0.04035681991430825
0.04100416819406147
0.04167280922587523
0.0409344880471466
0.04395305851850723
0.04234019495713095
0.04091370412217582
0.04089293557774649
0.04333740477709014
0.046433223891422244
0.043888695582226196
0.04415195889989437
0.04641333246700984
0.04660335432701794
0.04704336931467431
0.04541441399854449
0.04562580289194795
0.04525947378676453
0.04757076940602501
0.047223204715330376
0.04940572637198633
0.047779810014782965
0.04874354782413868
0.048344746956707846
0.048471755380436396
0.04817626987601246
0.04693187679515354
0.04729141981031993
0.047322722218575704
0.05029905484490963
0.05038576006142491
0.047226477239317916
0.04693034948337061
0.04648951056827395
0.04486999505691326
0.04617038280370541
0.04406092209349811
0.04422758909616424
0.04317189203764116
0.04352884471664022
0.04090634172316273
0.04019076596672388
0.04072634077408116
0.04045924439492911
0.040414152468676946
0.03856046154589784
0.04329056097142227
0.04013985424924334
0.03854147333206736
0.03474851131631647
0.037427344867913846
0.03776162384492296
0.038351962073433894
0.04054689016622608
0.04207028695192712
0.03927093168704329
0.03583000812429715
0.03971180259039262
0.039472916893523696
0.03828601060413303
0.03724558725861415
0.037590768664509035
0.03626539300147675
0.03661803624738461
0.03696526456080512
0.033500793555712956
0.03558389143398444
0.034707074208325334
0.03361311633444593
0.03430179699030926
0.03286267447096072
0.030496659579399243
0.029407395382029473
0.029055629582101124
0.03749022696327014
0.035046406774436024
0.036185214793477166
0.034164080372664905
0.03108642538200428
0.029174188803071793
0.028876901566768944
0.027333632305417854
0.02824260750501225
0.028780859332799297
0.027743504317469383
0.029205139853327167
0.03171353276290873
0.030759238246299007
0.02825081420354328
0.029536397107399068
0.032377675968835985
0.028732782017298366
0.030179607554677225
0.03129467279665132
0.029897614226031086
0.029266162526072316
0.030009877147965408
0.02737144136672782
0.026002453073232235
0.03061714215694705
0.028962950956199284
0.0293688415398302
0.029699571803245273
0.030527969803615877
0.02495547766587336
0.027134594167568457
0.025176523949380605
0.025796420884076778
0.026481997002141794
0.02822008820661338
0.026849571729240164
0.02565968764434911
0.02553298682100233
0.02955178041733327
0.025105091177840187
0.025338768229197575
0.027886111814065122
0.02742896683262381
0.027224397240655503
0.028688693782837196