0.012804121395729973
0.02087457625014245
0.016630993068019916
0.016188282886232145
0.015216571696315902
0.01370385472733151
0.015908174034062313
0.014232225586474235
0.01699603883057237
0.01599337100394427
0.018158942665429383
0.0158140382465036
0.01767992962088527
0.015999321561728567
0.012436206118735022
0.013992206968301571
0.014824143884731047
0.013852103882888373
0.013933184817798747
0.012811196047220658
0.017481438345310314
0.020257567317935016
0.014188897142502257
0.013342092587969789
0.018795899124820818
0.01500815448535801
0.010076972651227053
0.013451991934384443
0.017789877195568866
0.01798990231434138
0.012804121395729975
0.02744436231441075
0.02378015989388091
0.01701730809047022
0.018738904127647386
0.026136623825519935
0.022649567685981743
0.03227508141538654
0.030424585621666993
0.031353342414107546
0.033182157647947096
0.03803909565309382
0.03614261820770699
0.038504198596707624
0.040994008700856066
0.039489704578970795
0.03950056771704976
0.03876659670620257
0.039335504533125815
0.03889226660435621
0.04206660229144731
0.04360617042110716
0.039675763288091186
0.04083650288441475
0.04052051080159333
0.04502258077862866
0.04299282973171343
0.03917270299851778
0.04304488227989062
0.040572860741830315
0.045102511283321586
0.04602473678612684
0.04634142325355647
0.045097298479190875
0.04686283145720279
0.04877335965518532
0.04885450035043551
0.04470074832594993
0.04430362385990243
0.04657621613077784
0.05055632146485185
0.04672873301901347
0.04732250920067035
0.05053741958092991
0.05231709961907373
0.05429798856354483
0.050184796732382915
0.05196700121429544
0.05076219193297933
0.0547742617443667
0.054166176161896507
0.05808287261936686
0.05374105008480364
0.053181859997667356
0.055704892450298034
0.056412927851395664
0.05397795970790607
0.05345075835747873
0.053598809315114106
0.052836829688916856
0.053097003498785836
0.05678232643136452
0.05178705591892098
0.049290692490038576
0.051544371515392484
0.050111451514312406
0.055111895938847355
0.05444949158194816
0.05453964344235834
0.053313518200071665
0.052803721821686356
0.053001207775837354
0.05008293090927403
0.05371033778550063
0.05383107451767299
0.05371730491555377
0.05011027079179836
0.05689002399572503
0.050801221591891266
0.04924419782057737
0.046069401720608784
0.051764116419087944
0.05084573571722912
0.05259832419606083
0.05722380180118108
0.059407065627014255
0.05516525826004479
0.04921897726468852
0.05452059891482464
0.05552403716639213
0.05472503892312951
0.052923488665729705
0.05421201090915399
0.051112830509835144
0.053498380382893194
0.052726202658216516
0.04666796371028433
0.04943786936304308
0.048162385617260904
0.04822980923226419
0.05053929236036493
0.04729791564154277
0.04262087671352427
0.041096877026287275
0.04123959575382107
0.054052366502287015
0.0520482259623888
0.05333741583915077
0.046972439803865236
0.04392030294936733
0.04317440409336676
0.04251937581169313
0.03921883263545841
0.04100628215996341
0.041456004364473824
0.035924856574704796
0.04302665283865547
0.04766191067631047
0.04609363854117196
0.041381073896767775
0.04440720418167443
0.04906122769779565
0.0423571933655897
0.04380947941202654
0.042616454955978544
0.04416142535972708
0.04331325602215106
0.04507280520490025
0.04152585157744127
0.03890692765985581
0.04561643346280801
0.04346091979950629
0.04325807205649424
0.04491571831907467
0.044988721606244585
0.03688088329378916
0.041222480236034795
0.03795947442860335
0.03540604562691693
0.03833845098862898
0.04210891243796016
0.03759161753027972
0.0364688897924071
0.036304820795036885
0.04505547566522391
0.035573346016787875
0.03297951701999017
0.03925884042255041
0.039798168533039815
0.03721921536288194
0.040938165470598455