0.024033631411587854
0.02611313447989139
0.02884491506069126
0.031351883069013965
0.030435641308753127
0.028953778177023496
0.02799985123702032
0.03608402623508723
0.022515223897241483
0.027680711523280156
0.03549773367066347
0.03859416296458842
0.04042431082549802
0.032689675422664474
0.026531570884891366
0.03171858577582851
0.041745017234005796
0.0362424655022406
0.039696366390609826
0.03808995880440006
0.02799341929306057
0.02726893164018958
0.03583292054011304
0.028914114474817985
0.02889253678256978
0.0379438908306756
0.034722208282491354
0.03161770137171352
0.028534650427719816
0.02565158406610132
0.024033631411587854
0.03159544348880043
0.03179340267932156
0.035839454410790075
0.04385318823636683
0.03707127066973266
0.03593332387109269
0.04295201739388591
0.04366227244193292
0.04062413586209079
0.054193970014895496
0.04664174347581152
0.052449651063257316
0.05618823680274338
0.053137152132613996
0.05217812126459271
0.052385836765760016
0.05001262061464493
0.04593458392334335
0.05493601265251379
0.05467600688296996
0.05917832870865845
0.05524951210542598
0.05681873623638009
0.061925246065974736
0.06353238369304554
0.059504245735237375
0.05687597894191118
0.06717745270064036
0.061568606668836574
0.06335220915391819
0.0639984044694471
0.06729691760449763
0.0728545871318919
0.08443066518338901
0.07630985835757441
0.07240185913773384
0.07460292570454313
0.06812203697664206
0.060372917473617435
0.06498138646648303
0.07615677448647898
0.06814314223968818
0.0767147632472369
0.06850987113854208
0.07152664547628856
0.07489608582575209
0.06809834225239639
0.07011380049946632
0.07424331841284633
0.08305216348783084
0.07052222942211676
0.07861473295068258
0.06795788613967639
0.07339999894325128
0.07995169786642226
0.07275048325384297
0.07181274323623921
0.07546275639633625
0.08066448711244181
0.0732196615201429
0.07928906118635298
0.075335623056683
0.06785507779287145
0.07082035543589106
0.07457753853055797
0.07090208649635985
0.07903883978702077
0.06877971722643089
0.07678742070328862
0.0806563193112802
0.07169628798614308
0.07566079184926874
0.08098610010703368
0.08243318954508229
0.08025987960316999
0.07019600064258269
0.07390906888815697
0.07600872175414003
0.07774792980889997
0.07465326556937647
0.0788136240749368
0.07199800437931533
0.06849590156416203
0.07286323162994682
0.07830062640752322
0.07640224138545818
0.07523221871908063
0.07660705732617855
0.07583869492630707
0.06728191070787512
0.07694499422946743
0.07396556648005694
0.07087491184256065
0.06901579471706533
0.07238343195653331
0.08268314395371279
0.07920902358403736
0.08569632293410048
0.07980254828950006
0.07955530422435737
0.08074782209064121
0.07083997536233358
0.07012413419687329
0.0733737225494791
0.06756905205563965
0.0727565023706823
0.07310266701072067
0.08098203151357179
0.07736254480265636
0.0770437444036645
0.07241846268035886
0.0760838486870584
0.06906626797065937
0.0743944780340414
0.07456217331631143
0.06788257419497269
0.06900372551814249
0.07391999511855145
0.06769424945605412
0.0711857387044309
0.07609044922390185
0.07504994829476892
0.08029965176958238
0.07823111148925534
0.07572829248247635
0.08427545496144456
0.07940329049918024
0.08262349094859796
0.0872788525204283
0.0806943524090487
0.08093242536135807
0.07595847303731039
0.0761118505847027
0.07466793989567896
0.07225055421745899
0.08274831519109059
0.08056119795404813
0.07703091781934768
0.06631771232571168
0.07870656063241376
0.07985129501016264
0.07715054909220939
0.08345652208137193
0.08487034880017721
0.0828102229463989
0.08288486834280089
0.08311459376516629
0.0844376755686963
0.0783611040697676
0.08043414185283813