0.034282498687874155
0.044675454464256296
0.032704126502458034
0.03268108478123684
0.03351411106755663
0.04688597977684003
0.05086484758888471
0.03692270484968707
0.03621451274881456
0.04120931514835697
0.032126700873071005
0.038441647486439356
0.046606038159701164
0.02749294852306412
0.029156543137894907
0.039654097752516555
0.045375700041126246
0.04172562601719328
0.05645666731738974
0.03119200083373864
0.03609431402532872
0.03589108648404564
0.053601452716893136
0.05123785637204212
0.04694228961263843
0.03524643620309793
0.04130523930719587
0.04638375928059294
0.046512685890769415
0.04319720634769972
0.03428249868787415
0.03251031505646646
0.027928102581404705
0.04236928662738337
0.05073694576300458
0.07625768637695486
0.06120248963624989
0.06492289852715963
0.05751719965136348
0.07179587956146094
0.07170851253462543
0.0682928517297965
0.06016828383423262
0.06781019875268973
0.05798727810444626
0.0689118034716116
0.05897924234924009
0.06253737058337173
0.08063913099121305
0.07001717961677513
0.06146622121809199
0.05344310975731278
0.07669444542991245
0.08537423382587506
0.06259370064419817
0.07212284060325153
0.05648326283091287
0.06853547128417577
0.08900669072655489
0.05790999492833881
0.055487760330790004
0.05699090697263633
0.06653096893407442
0.08149644518616045
0.065602955482229
0.073412981753257
0.07706267866980096
0.08982603467190912
0.06487462543723918
0.07355456141973116
0.08286348960833423
0.07843975877455013
0.06432902212193485
0.07684562801259864
0.09011125190639255
0.07909989461428733
0.06503481450374009
0.08645490485054323
0.08268185333889283
0.07096650035687854
0.0855448773841599
0.09502757830426305
0.09275091174636003
0.0855199942480482
0.05740822616674987
0.08344054303507897
0.08594530825609552
0.07311753248800082
0.08850141750935654
0.07168392995902734
0.08214378841099716
0.07121541745031212
0.07539185879986857
0.07376263719717441
0.07123293960727853
0.09074565326626456
0.09413754627340455
0.07453451347381199
0.08818052543223634
0.09439129115835096
0.08851070008096455
0.0808047702502394
0.09018914459909078
0.09284744739338112
0.08419508465701489
0.07640419375736697
0.061891216342352236
0.07827968686491332
0.09604375673232583
0.0769170576030865
0.07064961203167548
0.07623445070399243
0.0731266397200241
0.08252600156558167
0.07119515440819625
0.06865667146185614
0.06419468705532544
0.10711734671388753
0.0936960989522319
0.08485511067853624
0.09907106455048295
0.08996615380821567
0.07848403103422066
0.0724577177457301
0.08410898864483395
0.06416099875721977
0.0948970417126498
0.07816726848638895
0.08238228754384555
0.08633766220419366
0.06916976095866251
0.06880572064517178
0.0991245059878897
0.07241989331384423
0.06401305106193957
0.07101476188344626
0.06401484481192113
0.08544258250988451
0.08584256271159224
0.07157967836921668
0.05745261915727781
0.054313364078939254
0.07154401993999866
0.07664526321576624
0.06782023543489785
0.08767551378434699
0.0743409831475371
0.049913187672715735
0.06314409848156544
0.06786078450703827
0.06491570952583682
0.07828441649865825
0.07523959414033336
0.04878607277245981
0.06646179727669282
0.07731036091825774
0.08572847155386622
0.07048271609385146
0.08564367293567281
0.04951199632485194
0.07806376608434656
0.07521378177868596
0.05154115102685434
0.06509277302444351
0.04858338996017175
0.04145116604628253
0.054788051702961006
0.07183572822127944
0.06838834613865571
0.05612460795722433
0.06253579030602038
0.06600975463531737
0.06359729035737263
0.06247480615083175
0.07938038623166137
0.07048320577994223
0.06737727703478147
0.058739214290280464
0.05896719169481327
0.055953968522907876
0.050824620225496116