3.1177870775481997
2.3926630221342
1.2709212396419363
1.190949919248222
2.4742494556061936
1.7674913083865023
0.6055103714611398
1.9123112295999642
0.8762182960649325
2.5963568419120806
1.837494481684553
1.2210991089134218
1.608841469785661
2.5069446540857077
58.68844394547685
11.933243156153617
3.7919505747323905
22.094366131115496
3.140158252023837
24.54547811255384
1.6460730589391739
1402.771201503809
19.086540389077566
1.8997698329966046
3.009960326392721
5.57034593679433
1.175986912688553
48.57937375573936
0.928995080054331
1.8112280733766435
4.449660980932368
7.888494016425681
1.9393423195738095
0.9441704101422287
1.6171654253164653
3.3803301508190753
1.0282732763085225
0.3138785077317534
0.8564470394527279
1.1119768696493488
2.7736227080604396
0.2884487454669833
22.873905002801532
2.3970165714954277
4.624014386126843
1.1841185057577595
4.7111421203200585
1.3066387127735288
0.3720831907722688
3.3736252221756984
1.2907890864672977
19.08400148714182
0.56594589753812
1.2497235238600788
0.4805363027542011
1.0425900312001712
17.577121203494453
1.6634208847334562
0.3528201788677241
1.3110928766554755
0.7719512051380388
2.9235258807748417
231.2953432121111
0.5894909845113444
1.1773874715320094
8.289291030400962
4.580432254016547
78.90311393739407
1.042875717225025
0.8945944004107889
2.682290651151072
0.40636847999891584
2.7004177429015774
3.079355868832863
1.2007915847697053
0.9290736949099061
1.5105739322855178
18.20248270733816
0.971873568934079
1.0144556713026867
1.088165644745112
2.268876777097532
6.045176990578954
3.3191872398422153
189.959283879507
3.4679696759079635
56.40830521962096
2.1592746421475923
1.0153134231527061
2.6200492847832706
3.542811993951454
6.94777173549986
3.3314294798328214
2.8782353120150908
2.1295039701163385
2.2977653644130194
0.5893183044268586
1.765953752097126
6.613021514037101
2.5329579281777614
0.7676563963114089
1.2881338297588876
1.7135052929480872
5.301925635499166
1.0705334874177193
1.3681813413146025
1.4427098081539764
1.1217009390928057
1.7156763296943032
0.4788982846849307
1.5563089690762344
1.2652358928816998
0.6902587257961583
0.9823111399575593
0.9085065655607346
1.2683634833568782
2.208429509081723
1.4362903006528775
10.783939868174691
3.2923653163569018
2.1194041655347147
1.1227337589969186
1.5905039052173904
0.8337808760834566
2.4719374935801275
0.8253552470277972
1.318210825714198
2.5661006698918194
0.8708575431411074
2.4268004369656353
1.6574298497376918
0.8645032864457036
0.9653274948329033
1.7911060221328408
1.9422894642902526
4.114651222858063
2.4754537719983567
4.193823433921041
6.536308745215258
1.6839797604148932
23.37698911365859
22.259650088367042
1.3584971438122295
2.7574716520016453
0.7020562982600836
1.4137544607971937
0.8367544167931713
58.22103262194173
1.7853288347041276
2.7643044143755287
2.195604562649564
1.63748476718033
1.2658573395109791
1.5620965965798184
0.9822244868526429
0.5180310282255159
0.5940197950619139
1.6929809568759673
2.673051417381156
3.00891075233766
1.2453856641274732
1.3820011010203128
1.6254551395688033
1.2322727892514038
0.7199537491633989
1.5252995520319204
1.03090545249024
0.7637649369008792
1.6298299277730397
0.8369130090451286
2.387799709074741
0.4598846897842069
1.3971886908877778
133.54059366611767
0.7148045771977403
1.1830816693851929
0.95519109957491
0.6597431449563808
0.9370883231324713
2.2386703297719346
1.3911260643793162
0.6888046581971204
1.014441640187547
0.8152434087447564
497.0870244619634
0.6618001979786797
0.32059376184658805
0.8036655873767725
0.7326677406085802
2.3353550613792993
1.116625047824384
1.5125716349793414
2.6349164320069915
0.48453655325127243
530.2811801197913
1.2816167431682122
1.7521488092143314
0.17306449300598095
0.7291569524360321
0.7223721099436019
0.4514458510771774
0.36093552281773816
0.5238614936905871
0.9186530792355699
0.8816470005347548
0.6719115093033794
1.1009299940774715
1.105331139696221
0.8160690515739476
1.1439407125595247
0.7159688783721605
0.9301371723352123
0.545558577476479
2.27235690517889
1.0297084674959307
0.23173895481360213
1.0434243906487213
0.7913272856005306
0.45814243196884336
1.0909588357581677
1.6255705502796554
0.4613899453026653
2.049791324513738
1.3947851306830874
152.76769912908742
0.6669739186637444
4.8168894428988525
2.030178026530396
1.1584452596146233
128.20968305769586
0.8007227806359801
0.7264282301636897
1.768636467414923
0.7208254520275366
0.8661419233342601
294.2351298411694
1.0361334088289593
1.185370521987863
2.276409391900071
0.8226584537704796
1.7699308280767203
0.9002575826289477
0.36242943351970236
0.778131496706245
9.336039899329528
0.5117436186501317
0.529354999837027
0.5691219366141246
0.5627310313988909
0.5251642867007466
0.576772959829392
0.4678940081659116
0.6608269598324455
0.5142704102487242
0.5242210185529352
0.4185602373653077
1.5433727239247317
0.28715511225583945
0.441967289175483
5.69797816434121
0.5525905845952946
0.7128624871332413
0.7793732374238649
0.3300522313503799
0.3997133051865012
0.8658748208705771
0.4132939678295963
0.4908121647525302
1.194689930788933
0.5265239119862879
0.2948193715484361
0.47154657499079794
0.4970223498376588
0.29806851234803033
0.47294301643418296
0.8642414229750376
0.34723416226144466
0.34361304261203435
0.5239372410592853
0.4107617176717301
0.3289557600123827
0.563054340207309
0.50511760677585
0.45665209184215994
0.4692379239389849
0.47285220366165154
0.41485210373480697
0.25223073975161947
0.39441924551092583
0.48466778888324147
0.4486905611233081
0.8102274425785121
0.721957902913183
0.25625388979486635
0.31386774740922996