0.
1.1327001857976364
0.
0.5002604836519845
0.
1.0266985697019626
0.35287238591230224
1.015701019572922
0.11295617422772682
0.
0.7075934814644842
0.
0.16866467799862628
0.7772775511559795
0.9218277592141138
0.2582687269019945
0.
0.7315703207414646
0.1412717822075204
0.796456901779373
0.
0.42267005008451713
0.6037264213236138
0.
0.22335883605109844
0.38003186578414305
0.582629206749099
0.
0.44164944649386595
0.2226150189346549
0.17452939420382368
0.2132960767025538
0.8441056657573904
0.
0.
0.37806254162848724
0.1864052582307939
0.2782594650292135
0.
0.4222356493847948
0.7564165990111583
0.3008472718987336
0.23084349960503858
0.07408618991835293
0.9136865167172113
0.
1.064848301031918
0.20881758162016337
0.03893073506262928
0.
0.
1.0573505366603622
0.9524592634987088
0.
0.13029766905145224
0.
0.1813736136522378
0.8408270444626382
0.31229843998056384
0.9636502742140391
0.8065469932040679
0.7180729493434799
0.
1.1738638038069387
0.3355417467439698
0.
0.4908909539306996
0.5514315504271871
0.3706950222766299