0.11229600963771219
0.05642955358352277
0.09842189755655595
0.15735645823878966
0.17446917248891625
0.20232498645801597
0.05846927838249726
0.15068754712785332
0.1909144799138202
0.20616116906932225
0.41380090416740545
0.4276098441559699
0.24427112267767154
0.5193519594029328
0.2657513456831975
0.25058840189003023
0.3299607115777623
0.20260620894675038
0.10904393209981936
0.20843553152503771
0.11889462495655613
0.34325345500367566
0.1474856288159167
0.18567815679794625
0.23290216489968305
0.2369785543096843
0.17874452105579458
0.19309979163514304
0.17898931910199153
-0.27185332361704817
0.30675198483441496