0.06404075967642182
0.08407695617653768
0.09842189755655595
0.15735645823878966
0.1367414378148133
-0.026536483763195836
0.17446917248891625
0.20232498645801597
-0.029756999023528383
-0.04358916487153424
0.08350054680227245
-0.014218836103590319
0.023394376466708503
0.15068754712785332
0.15334745732008212
0.20616116906932225
0.12636799449995048
0.03170871020242456
0.24427112267767154
0.23276322880511577
0.25058840189003023
0.3299607115777623
0.21782313590660143
-0.07682645351885202
0.09694137009833569
0.22429725295475134
0.20260620894675038
-0.07962495368506932
0.10904393209981936
0.030897880905286838
-0.08507374722914302
-0.0661415533576712
0.20843553152503771
0.054928496780270064
0.00560585978426723
-0.07425109475990468
0.11889462495655613
0.07321557887317628
0.026965413022754955
-0.055942325553461444
0.1474856288159167
-0.049339697171651875
0.2369785543096843
0.17874452105579458
0.031036990975967734
0.19309979163514304
0.05539123777814705
0.04012800464952688
-0.12803586537628747
0.20160780976771855
0.002103102097961998
-0.04095850044579566
0.02704147835791149
0.017578861700955652
0.3323782067081576
-0.27185332361704817
-0.027433491987823924
0.07915943301656073
0.03549023524136185
0.03941789994846196
0.05832126398725034
-0.10024649471507072
0.1628077538975926
-0.1290132659731055
-0.16325540164032357
0.09831885669509317
0.059194869578688844
-0.13316317908148023
0.10622412435082587
-0.014006345915638613
-0.1569017093517027
-0.020126698640455534
0.30675198483441496
0.1292116200246728
-0.10472302511452342
0.18106308596317644
0.08711793978540733
-0.003268035509475563
-0.026042592431817783
-0.05121976531229463
0.1345198502630231