0.04504710250707962
0.05328555261541585
0.041092182777193724
0.04118250238680452
0.01902148324213553
0.0014840807743915776
0.0118509295144158
0.018389850527547213
0.015919053807168692
-0.007382691816726597
-0.01600457016609721
-0.023783245176173355
-0.037613906955994
-0.019091850774298917
-0.010057736909213683
-0.025016762015998412
-0.021734881512260232
-0.020536628900317298
-0.030956132324388402
-0.021771204252887505
-0.02393516214888878
-0.033019002756347365
-0.052244040551416106
-0.058874627254429476
-0.05014525319082632
-0.05333365697472924
-0.05885714533230559
-0.058867360552990355
-0.05316736085266119
-0.040526535929030216
-0.04504710250707963
-0.05780919047852139
-0.05181574575865322
-0.02760070925420926
0.022245164742731725
0.03795306149331974
0.05492419946116404
0.09267772821147388
0.13010141370281797
0.1507184220691294
0.17230438827444214
0.21330600062838836
0.23163025649139354
0.27385369608936755
0.3104168503868005
0.3404917193710925
0.3485316341467365
0.3905609960952019
0.38659815903809447
0.4104931747305424
0.44193331008481274
0.4494958311619337
0.4631966460939815
0.47106650545309237
0.470649932058358
0.5033676223182605
0.5175127060777097
0.5317582069179844
0.5470121718461576
0.5543092973659495
0.5476043492587265
0.5782519269495571
0.6075655736062411
0.5956798883996004
0.6066147897938985
0.6067178021898779
0.606455547030154
0.614660725690631
0.631203213651424
0.6305248937894942
0.6268007128414478
0.6489744582058907
0.64864679739602
0.643202630386122
0.6435409784079048
0.6571210713727089
0.6447006402824766
0.632645628695389
0.6291684014510851
0.624290784862615
0.6273198170604154
0.6474605743515695
0.6280455821457557
0.6439032725642629
0.6224746398144152
0.6200327139634293
0.6376538886230716
0.6333436311131483
0.6102754217430131
0.6166387023323694
0.6300424985246554
0.6222390632509941
0.6039681250639897
0.6042598391176827
0.5914740902132009
0.5899270499791729
0.5746399871497694
0.5623346420338023
0.5475831457946672
0.5311419021921083
0.5127529653696229
0.5225037760062253
0.5133601837107287
0.48873315485791174
0.4843642599059328
0.46410055930927396
0.4546982098961952
0.4314374254776596
0.4385051405144067
0.4363438808312856
0.4124180830840002
0.4106142294986337
0.3902719711296632
0.3727747965377565
0.3598347099795112
0.37476672022636964
0.361328993462048
0.356220806084478
0.3374040568292798
0.3239570561572801
0.31830506325914887
0.2964921697573705
0.2693918282954843
0.27472462151346094
0.2752231336954402
0.2558491446106872
0.2664623942203159
0.2392450862115315
0.24157119073589214
0.23583252950361047
0.22697998563902025
0.23833136856881687
0.22464619662503216
0.21795747330824003
0.20983831968552202
0.21032154600730985
0.2106255891335181
0.19324442438457196
0.20192831513363504
0.19617049609744666
0.1799998639138689
0.1860889295919796
0.18249089483665493
0.1915224111006471
0.18204813857927263
0.19066269548114947
0.19244436498137416
0.1778954781196886
0.17969765339575794
0.16882839315480375
0.16007499810837433
0.16124639271290406
0.16567074251626596
0.15165854595446313
0.14369281609325898
0.16491699647912775
0.16782520075909962
0.16011943810760776
0.15873826939286192
0.16467018798268507
0.16637013518509566
0.1591966856362432
0.14333837437414296
0.16891202966712615
0.16154967540467915
0.13794153956063404
0.16353945706847275
0.16380421539938406
0.16864402609236745
0.163980302951146
0.16678413617988522
0.17307982845795739
0.1888625563614285
0.1842471530349879
0.18120318603825816
0.18211298912753865
0.1838542953160728
0.18879879753590473
0.18921351141700107
0.1780492044908328
0.17564821871818542