0.02736381514881104
0.05471555955195904
0.021626496427798764
0.06810215391588006
0.0330302504439339
0.15190936256895568
0.11396660680492895
0.05917938985731845
0.060429631437940716
0.1439781839323978
0.1054386903598738
0.09835952767415625
0.0387950670109617
0.09628501182831954
0.29206183865013013
0.04147535816104862
0.10677491747389693
0.03312575085514644
0.10238299885877569
0.13554147170740447
0.029874595839272034
0.16900005006761795
0.05550281484846884
0.06288692534440816
0.12342532582255135
0.12395166838781695
0.0644300926576367
-0.00024441011194852367
0.07792618716710524
0.036411367813064255
0.05772969805441008
0.042133545356062826
0.10484490533580886
0.05206590062586678
0.04121305865777283
0.20721727854914856
0.0671564841987731
0.13277740655578238
0.1462601617121843
0.03192494793589133
0.09439070816655362
0.13535930048163441
0.03978837410849926
0.07886599789969052
0.1367035027816978
0.02769847755204184
0.04672903424369256
0.09825469998877019
0.002789266219729296
0.08669526140522262
0.064029465440692
0.2274955603239821
0.04903913220122937
0.05283369351874702
0.11928267212663116
0.03405963448587131
0.06676942048483013
0.04977473745880332
0.031438564983677225
0.10841601115409696
0.0501916364855862
0.11498800659644032
0.08918669732827522
0.10536156377217458
0.062253793021168916
0.017337579052647812
0.053698866238137924
0.028119448747055006
0.19854807394655272
0.06370051229386693
0.03741207493165236
0.03242228244057722
0.06611676867974142
0.15802127595726648
0.051307830090219816
0.12051518396946143
0.07883100166766074
0.042904518129385866
0.09510751025070613
0.08171205032863295
0.1597729938919058
0.16818331942156503
0.05586021779410809
0.12492212308588466
0.04492793763922072
0.15205096252877323
0.0496200633202992
0.15457217997111758
0.07221749942391986
0.09910146711577635
0.12610009330148178
0.04286227857032745
0.03647055711660839
0.0928987314512043
0.03624935380864555
0.038099245624937564
0.05181779227423267
0.08015040491347344
0.08257134745788916
0.055247703230923866
0.2256953037318558
0.07825020911695124
0.048610215039076525
0.07949149689683235
0.05873177624112298
0.24965921843727365
0.22169007561480714
0.06586191233752077
0.14273601880510037
0.06275087297420023
0.04815358355592044
0.09117236642787549
0.2109504116734753
0.20318531101802323
0.05506430617301597
0.22814897602507014
0.04639167616160243
0.17962270501999367
0.050253588635167656
0.034135855881638213
0.09120338693484377
0.09260002809515124
0.07569947405233295
0.04333567738510919
0.049416438275416606
0.09493103246021223
0.020751678023640162
0.046078747149142035
0.17551104685064964
0.030271710034217164
-0.007213352575743374
0.04711740812768247
0.03484695102990716
0.14094747027496562
0.006003564203569267
0.05644464353842028
0.03378465638603387
0.05059511638031948
0.010634528522260467
0.06099174302365769
0.17060505700599987
0.11350348460092403
0.12494569917733722
0.0212138237006877
0.11516679085446321
0.15612709116481863
0.02591390970776422
0.10834612805898577
0.019469729938540247
-0.004279135209469709
0.00867105682663828
0.00006674951311502475
0.06150841855299601
0.017995738786051305
0.020500276460990934
0.04128284257508771
0.09453438564321795
0.11683648728597565
0.06823962452687252
0.06179710711480965
0.11043242390086154
0.10263377713034924
0.03165863946802059
0.05978160982796856
0.07176140733344537
0.05735487832805927
0.07067230299345272
0.054288545480383754
0.04320132855360971
0.0062348584625606445
0.021959915384426806
0.051723896155525494
0.05303583049960017
0.02751677777863085
0.048848714402840644
0.0360521935300668
0.02821470959994886
0.050763025204933435
0.0601057821059249
0.02282887883082523
0.02172528264643258
0.08623447240974157
0.03606716515618015
0.05766335957722035
0.09862939985069315
0.06268238097670956
0.05220385550076414
0.07414239375324842
0.017669093962823894
0.02692417462065355
0.0021024385747333684
0.03662337933172557
0.03303457217557277
-0.0142212387591149
0.042931132301912873
0.01802663725790075
0.03458461016215673
0.09200182498547244
0.30059059785471653
0.2575976330913705
0.1426836292096479
0.05827052528790717
0.22773721322373822
0.21315461001388314
0.10672837742938923
0.08245656391309969
0.07762713473571532
0.06236601075656721
0.10586453890039461
0.09772405789451148
0.07237938910349434
0.12751651701503955
0.055162169069883804
0.11987475329779487
0.0864932647131026
0.06597745730847428
0.10943076122428934
0.06868866357060104
0.11323440081604856
0.2129875758406058
0.06366403072260325
0.20945021872864233
0.07175213358209122
0.06863914332701818
0.07208362580285212
0.3273790913984566
0.0804922415025336
0.08508744388045925
0.10463061299302494
0.10108851078478787
0.07635335585976255
0.12994753635791462
0.0817771002483773
0.15935699916725343
0.07730574613742167
0.12579637723046477
0.0275242192890893
0.14111545742989917
0.08449188921614659
0.08746627345206884
0.0894828939686767
0.09712371430001386
0.09200182498547244
0.30059059785471653
0.2575976330913705
0.1426836292096479
0.05827052528790717
0.22773721322373822
0.21315461001388314
0.10672837742938923
0.08245656391309969
0.07762713473571532
0.06236601075656721
0.10586453890039461
0.09772405789451148
0.07237938910349434
0.12751651701503955
0.055162169069883804
0.11987475329779487
0.0864932647131026
0.06597745730847428
0.10943076122428934
0.06868866357060104
0.11323440081604856
0.2129875758406058
0.06366403072260325
0.20945021872864233
0.07175213358209122
0.06863914332701818
0.07208362580285212
0.3273790913984566
0.0804922415025336
0.08508744388045925
0.10463061299302494
0.10108851078478787
0.07635335585976255
0.12994753635791462
0.0817771002483773
0.15935699916725343
0.07730574613742167
0.12579637723046477
0.0275242192890893
0.14111545742989917
0.08449188921614659
0.08746627345206884
0.0894828939686767
0.09712371430001386
0.0565950566051716
0.10056992994969353
0.22988964777148882
0.27584509023346987
0.07664737978374714
0.07432795130631883
0.33533974557925145
0.24971641334347278
0.06016698672164411
0.06138476309873857
0.10046404617999125
0.09511733444983024
0.09199306886575108
0.1937781504279762
0.08144218502751925
0.2878115670873694
0.05829812661603911
0.16442027993862385
0.060161914788453646
0.26194301808784964
0.15073927364691897
0.15325825397729212
0.029901685249628843
0.16799769484019106
-0.032226317779459314
0.11744670960774968
0.039545034230681814
0.024453396493751944
0.2279555539145432
0.0076862290063669375
0.05626128294517953
0.25273293085487164
0.04131664183163069
0.11773765010935525
0.07592945623951772
0.07443720401439577
0.28234767975749653
0.19068541998682603
0.09328750287581362
-0.0022476156425372436
0.0196208802612406
0.09628937399908652
0.11406725690262247
0.05395019731947716
0.022652615554980948
0.187285928089515
0.10490654054123652
0.22947783382963832
0.09235904789074544
0.021839486307151323
0.1574615197137114
0.17603295199313088
0.051195961202667985
0.1320355451938615
0.157949929793701
0.17742238458074092
0.1505262888716375
0.3382806585243605
0.08542342054203858
0.04916553017524338
0.05717138428247358
0.21632907843560464
0.05982535223843535
0.12624290773773997
0.10905407065385955
0.18674541970726707
0.12301223656702762
0.2256971513472303
0.1151698362080103
0.20089737965059662
0.10002441601180949
0.10032084347711152
0.13864639794768435
0.02803132552989041
0.03041704782250576
0.2082744636025075
0.09069545507964993
0.12274397261187739
0.10608198392756112
0.13723005961800952
0.18131443294589172
0.25577488098922885
0.051418626232518506
0.09503797880508477
0.12337828650127333
0.0958134024435406
0.25077385805574576
0.05133644377651605
0.03630180103177029
0.10623514053898338
0.06568454167717777
0.12402188351791543
0.15044985452709667
0.027671387993639957
0.04266174214022243
-0.0005467944433926688
0.04318188885022161
0.022578772729603104
0.01212634296260213
0.0384367848907252
0.21373016372796963
0.12381680848218823
0.07374684490897043
0.03505354551709704
0.019224909059656483
0.13325300982723853
0.13051760426620937
0.1267749438579565
0.06996219360610989
0.22595181996313782
0.005073039867762896
0.04199309314196176
0.04030892518222008
0.05811298944961999
0.19028870144687834
0.2379321267738157
0.08060933510920507
0.12393653137441128
0.12708259252104365
0.0016664442552296226
0.01246750871408358
0.1448685584877765
0.05015181604180423
0.10126799104054557
0.022337282441905172
0.12979545746900176
0.05161169990006377
0.14108097477896894
0.09412858360121476
0.09233422291920668
0.1379304833740897
0.13065068171962105
0.04783703407444699
-0.00647653180103281
0.13146634466972973
0.07045302697322009
0.11534368841729785
-0.007763135550776497
0.08156291542890279
0.11926068112470786
0.10133648333197227
0.08415528770184191
0.06616967378440523
0.05438233980851135
0.10104674075272917
0.10755767348739467
0.034748392239510026
0.07564085928711503
0.15074011200878068
0.09375240586957086
0.06042586705889276
0.17027263492027025
0.12817236680711894
0.07077503275085727
0.09541969453522649
0.12976339895134356
0.05138541046752073
0.08273626256427967
0.030906480276354713
0.15052698413056606
0.047053744737677886
0.0561281477499188
0.1067529454073699
0.16958821777868732
0.08091153044720135
0.16266558065295958
0.041795369944402666
0.11568625832360974
0.1387169801198528
0.08563867669055347
0.17388472089701265
0.11435594798331297