0.0019229633179142875
0.0026321864714181956
0.0030689529009035824
0.0029215534430349233
0.002209863079687533
0.0020169262224423463
0.0024891125530973886
0.00258213369832669
0.00253621089884775
0.0022715380897075877
0.0023593707520755815
0.002452821023005424
0.002423708347650664
0.00247759787304088
0.0021144127952107926
0.0024751522152859713
0.002421403251491575
0.002184477889663224
0.00256361184281751
0.0024688030176780403
0.0024121816900200526
0.0022659273344468375
0.002425699706381946
0.0023307860098707722
0.0022721392823079637
0.002314030799911168
0.002612740739654476
0.0024373736553267434
0.0024575162550975922
0.0025112118614171695
0.001922963317914287
0.002757833350090924
0.00290563727612261
0.003148317944434212
0.0036866996646739555
0.004517720371948895
0.004855830384373315
0.005629638501866507
0.006436361852529021
0.0072332238331876296
0.007646183165455093
0.00871989641588562
0.009120692351711255
0.009368206022210786
0.00996063641855149
0.010322141264417828
0.010647298889656352
0.011058428923711408
0.011473796488789226
0.01161372164204928
0.011910050954937116
0.01194287253606082
0.012082587703488476
0.012451940317898421
0.012637412648369336
0.012971487481610852
0.01290727982895255
0.013034694230974097
0.013458395420584272
0.01351431571902336
0.013438423498951161
0.013516500871716219
0.013409827731555106
0.013585553487646064
0.013786977097791033
0.013869133405328943
0.014159342699023423
0.014408860714108846
0.014308247751459467
0.01431521448720047
0.014321779224204748
0.01474462011347303
0.015074998721962787
0.014838214277368419
0.015164917483333195
0.015040966382833735
0.014950329714782112
0.015407457452322389
0.015541813807680188
0.01602503912554235
0.01580662483949351
0.015736680488574326
0.015723652138893963
0.015852742504744503
0.01593390137339786
0.016079147448574145
0.016175756917579134
0.016140665076244013
0.016271491403484502
0.016368597238334455
0.01662305345252288
0.016458414967144733
0.016521017278250838
0.016619797427149252
0.0164413369718771
0.01644514937510958
0.01598675912411169
0.015962432583976796
0.015793669518109846
0.015788551880846893
0.01558624054610151
0.015534701811461504
0.015434942072450625
0.015209796681959924
0.015034391581009058
0.015159191473055335
0.014988079067733064
0.014742307582329042
0.015008378601994181
0.014576971174274407
0.01446113813778585
0.014240628439222908
0.013926523006975526
0.014002569059008771
0.013634471953673889
0.013684251934497106
0.013572027172480298
0.01341271508718006
0.013361777898786618
0.012970831308953212
0.012712529471012389
0.012783159348216727
0.012851181587059763
0.012801947166566512
0.012478464930086818
0.01240878493554742
0.011914433198249363
0.011794331078177319
0.012168795523529938
0.012188402000084662
0.011885430583920324
0.01144908166727799
0.010964719798654784
0.01076290051764452
0.011068132420851216
0.01085424981152432
0.010695613392127174
0.010505316316918997
0.010147442951948762
0.009765812427369127
0.009889728608486827
0.00982045853278455
0.009489410848828053
0.009195474581397422
0.0091272168979755
0.008918382567469796
0.00877510866630735
0.009043838289589786
0.008539628745810001
0.008377043082119858
0.00860358588318699
0.008158093921990479
0.008147655839853102
0.007912879748034195
0.007470036222670475
0.007689690626106867
0.007445333028452043
0.007533396459422815
0.007436659864802904
0.007436779837053283
0.0072622777749517895
0.007340628753731244
0.007055595231906124
0.007023273529714118
0.006866531707957331
0.006896048456268921
0.0067084810986515146
0.006944145490902765
0.0071757537840210365
0.006580500187800996
0.006139905187646602
0.006536669720759744
0.006391578388852112
0.006025487439134414
0.0061273899799922545
0.0064081233818949375
0.00608460673744198
0.005984202042436389
0.006206337341727865
0.0062241603781381894
0.005918132918723759