0.009741648861232735
0.009925196097949273
0.011241839115978206
0.011650527449378011
0.011168204023329636
0.01135271436438453
0.009577284038646484
0.00829305126539036
0.010777983328516028
0.009481482717839787
0.00951409341165508
0.008155776545889972
0.00860168247902906
0.008757582124965453
0.009769238571809384
0.01269443159100842
0.010757226187551814
0.010917408485584425
0.009995459987051081
0.010198704364826268
0.009535071682924456
0.009491399881503111
0.010275151823254383
0.009365133363809142
0.009536683342667687
0.008669842734339964
0.008946980923684691
0.008806829230697805
0.012112901673937868
0.011655845493519428
0.009741648861232735
0.009819460003064428
0.01277054612847416
0.011939283445160528
0.011499303357185372
0.012619728318073847
0.012809808399190404
0.0136373755762429
0.01517509552058621
0.0167078738751673
0.017177482550426545
0.015936475102281633
0.0161774969469138
0.016260151990710917
0.016626909561201463
0.017474765085528098
0.017383994744370895
0.017360208564797426
0.017834087358541643
0.018358618436294688
0.017548505015301242
0.018194436934595184
0.019197511043379138
0.018423032400287174
0.017005522517401693
0.018932446390653328
0.017923887368326
0.018561497823531153
0.01920044912941201
0.018577355585269562
0.01820770432040605
0.018809205258411482
0.0187315115496544
0.019156836151761558
0.019664560601393922
0.020284588830386
0.019630956648902582
0.01922455370596595
0.01960077728010543
0.02043213045697648
0.0209267863407088
0.021233823823923772
0.020520399840766868
0.021117263846402945
0.022009920046168988
0.02107010344375642
0.021528421644603155
0.022102765103635465
0.02437028559873715
0.024324922922001186
0.02427419718994493
0.02333360870712188
0.023259063222344487
0.024356876233090255
0.02402819172980022
0.023795046869667914
0.024263739885386035
0.02315178129697394
0.025319168481034653
0.026832062926695675
0.02505668795848842
0.02589741387741424
0.02456527583169195
0.024894216107740962
0.02649693293097947
0.02663987729258072
0.026223389469210875
0.026537936864086568
0.02567577754140897
0.02695709802562022
0.028783382659902296
0.029723901924513654
0.029513854493943018
0.028859412563910572
0.030078320740879884
0.031114544621657716
0.03127465879182694
0.03019684874178694
0.029508985824809927
0.0292416612724925
0.03107819992454977
0.031229407485744907
0.03441504829976789
0.0327749107718307
0.033298931451209796
0.03382190601165787
0.03429591990102743
0.03548484137298434
0.034459464787265096
0.032826729985454335
0.03459028960190133
0.03488634312433237
0.034645773529792735
0.03361816124422308
0.03326378099388219
0.034301792103262285
0.03387818848823609
0.0347507090044512
0.03594091370304042
0.03625720695015177
0.036663005400780505
0.035943328345661406
0.036109541592949775
0.03682114915995062
0.03771060233302615
0.03783031201311715
0.035898106817917705
0.03625580153240772
0.03762898852575158
0.039543921895075704
0.038197719949753184
0.03946480374598561
0.04071983696928954
0.040550026447571955
0.04088993776372135
0.0411322963130452
0.04190449571202937
0.04209282057673601
0.04220397843701453
0.041485548082829116
0.04207042924601544
0.042349238875583006
0.042397314129985014
0.042973798431875765
0.04123510317301223
0.04060996689236474
0.04183982083271957
0.04435864764098759
0.0429892583027575
0.04271234114722343
0.04205499734273734
0.04129044834646509
0.04248163277711564
0.04165081489788625
0.04363767350821223
0.042689700907388085
0.04288124428369954
0.042957765624650236
0.04215172774779279
0.043512659559705305
0.04471664308283508
0.04407865548902727
0.044607006003037325
0.0463805381302682
0.044104353977881774
0.045111399575582405
0.04396525333251145
0.045057251217791965
0.04576099153044126
0.045306960142448324
0.04688600970174666