0.4258788690886641
0.9565938435939292
0.3731083887942587
0.330869493609877
0.4064627064741095
0.20286515029013963
0.37284031383958605
0.5104868609022657
0.41491918790509685
0.3695654059905932
0.4746509091864997
0.29983246365012967
0.3234873999591459
0.277760406408625
0.503759198496418
0.9093827768050403
0.4573943104429511
0.23111217041582183
0.5036644978826469
0.8893085967361982
-2.4835960569623627
0.5493892153965491
0.23585297972254937
0.376622324062551
0.5386195841798223
0.6786577831718609
0.3700237022056403
0.30223232662415417
0.2862755299247006
0.3254664918999578
0.2983516093036631
0.3374530061700096
-0.22177018579856653
0.7181247494318699
1.9438634327744615
0.46440380338521314
0.2433439746726083
0.36766885635698837
1.0300456611353477
0.34368389517488895
0.24952865295567891
0.4225807362689187
0.8888444604464216
0.7831752518619208
1.2522210353725765
2.268174303578707
0.36677182926591495
1.319097915225027
0.33263729836487566
0.346018726988177
0.4387472466665191
0.5641400683287571
0.37194274935895394
0.2761426690032475
0.32382775551072257
0.26728169696556275
0.2850489436827767
0.2679705854206401
0.2395080908886036
0.27274811805916915
0.3484705877569212
0.3607532880227196
0.25865612770905055
0.5342222464171699
0.841652939592513
0.5067639684745419
0.3708904384388981
1.0160552709387867
0.2559278241384562
0.8377674134250018
0.5889075591694064
0.3948696491575512
0.22074460036852261
0.32127518949249667
0.4105785980316361
0.542087465780779
0.4538878388149371
0.8796292701348898
0.7680586658186789
0.521745604787633
0.4333839683479112
0.6113358657078396
1.2717244592122776
0.5654638691181593
0.33387623027071095
1.9206962273369512
1.1577547962303554
0.3422785723271215
2.221619385650248
0.20483317161489448
0.7751075855969188
0.20285393191072568
0.24224152307276814
0.3275138726311756
0.22250540477266711
0.2059121024284853
1.1373269079074688
1.1143452213721319
0.31887185183094047
0.29466733145417745
2.2264552123603
1.436294636726743
0.21143022581901819
0.41923091744171576
0.3410345561840929
0.15713717613047665
0.2981346301589619
0.2778056287910725
0.3934076827927405
0.22527053272214523
0.19818018520334338
0.7022990284791387
0.41931181010529095
0.34661174934237565
0.7714529846494818
0.29439364781315186
1.1298331201230072
0.3336154175393341
1.182125042920921
0.5418136985242987
0.8590520994893446
1.8973146872228546
0.2993645858133083
0.2647893247570586
0.30962335777771643
0.31280374666278415
0.27980150684301724
0.2642735127312617
0.571683058808298
0.4163935086703246
0.24920691485149798
0.2211051170435341
0.3827629909213402
0.3373341494355261
0.6214464811863866
0.24601522133412504
0.7926511288480774
1.0263953621440545
0.6265153784431501
0.2937069841047483
0.2437190274600304
0.29523085867801585
0.4205156394535669
0.35364850057992947
0.3767497170911812
0.3226763943335675
0.33455724877811194
0.4188817174034551
0.639766065626674
0.6560825516851725
1.089744620282114
0.30078703719911243
0.5178014015256363
4.582166488136747
0.8085807638470547
0.3241210713754005
0.46003369192831095
0.2795472332733638
0.4101270788794334
0.34017690792122457
0.27046700890684583
0.7703045711003974
0.3019721958346407
0.3308704572257813
0.4231360236700655
0.4197901558224792
0.4965455846885069
0.3562234229306276
0.3224612783856226
0.6297164210565365
0.26133022549568485
0.39292525355285846
0.3738056970311643
0.3451285120728919
0.7679613248694935
0.1974177976002334
0.2916373396462329
0.2909564981916968
0.6348980847635534
0.34716113982184654
0.4001673110098555
0.25015514066123923
0.3397678813799258
1.5888345800904897
4.03162112687268
0.47718612473717076
0.3860775944673369
0.7762402314769298
0.28914621109443517
0.19734994412843734
1.0243516168370521
0.33491982580504365
0.48266030367450335
0.30271684960523315
0.3267495473151057
0.23614877045269483
0.2964335528369616
0.39626155736371854
0.1871090193824856
0.5959279873713124
0.26176423889077516
0.33512321330166056
0.28600953056653994
0.29684941410976207
1.4833033964251747
0.30563213608072237
0.2180752644930294
0.36244564350585495
1.1188356252342382
0.18684607346347212
0.550924474618023
0.3188810616997346
0.667434915726856
0.46204743333987086
0.563023040012717
0.5089207558762829
0.25153715924665143
0.2692474719501944
0.7871568604365434
0.3782717871043958
0.1627185215718272
0.2888269703416254
0.5494073395396404
0.9464718346637276
0.8276576997024921
5.300159613065913
1.408981774814192
0.32312862750077936
2.5448800624479495
0.2286665891091129
0.2476480771036308
0.506383389464321
0.6307153521337567
0.5789325556474194
0.7141719675560466
0.6418284797353206
1.0578050858972603
0.29855683314061354
0.469947279486744
0.5182878088635353
0.2525516527636509
0.21712945547493911
0.4334108923694063
0.40762214906660366
0.2517326430095766
0.6970065735615666
0.3796961971478608
0.46999645425847486
0.5446011807755529
0.26398033018916933
0.6336582755726081
0.8428876375004078
0.3577998909742343
0.6621791183166311
0.8039198876585811
0.5891022600684068
0.32882500865578895
0.32228885583244044
0.331771396454021
0.5201082567272444
0.35464816403625604
0.42458659950596794
0.21592477988608083
0.45489069336680105
0.22934461697784797
0.4024443101418883
0.28877449160612634
0.13995964217958373
0.7690355897558495
0.5894748824416449
0.6018482576291763
1.1941935911448527
0.24835983715318005
0.36339702903406784
0.3562496651966063
0.6447934329644258
0.26124449917423354
0.47346484947098144
0.3063941377144866
0.3157522192790687
0.6300554550439937
0.2756963381023323
0.1958116031915894
0.5489988274037082
0.5379871904780344
0.34863620955979774
0.7886264782720412
0.3057621990175908
0.31187361416702797
0.3650792586123669
0.5014465049134708
0.4077235099470348
0.42055778065691674
0.302890862869562
0.36400295633080404
0.9692622131491991
0.4159143052700711
0.5197395653620128
0.22681184994008086
0.2829168654575357
0.41308166149434644
1.3495252758115286
0.21192297011030187
0.5774128112051001
1.0620436795737669
0.4848474103146155
0.38236778329003945
0.35398288550136564
0.2800366239439043
0.763328595010187
1.188280865434206
0.3002009795664772
0.9398798809728196
0.38847464250729286
0.6390858242099037
0.3079250314553099
2.1239569811869092
0.3061013528675368
0.31432814335514686
0.6088016819394854
1.955129210456319
1.5004737893591276
0.212385077494417
0.23728970543331893
0.2025061729515849
0.27906241498935014
0.17744263629686358
1.223688259912392
1.4950352394180415
0.20522560705809303
0.2843328250902045
0.2212985655827222
0.2301986497096928
0.5299335161428856
1.6328620894831578
0.41458904534867247
0.7129877072528026
0.30693521431988524
0.3200211163250837
0.4104141796025422
0.4411956909682236
0.3254557088341858
1.1240405625169718
0.2862260245054585
0.37294407086466097
0.28700655001263536
0.5703285757728785
0.4367959951471671
0.3227037722750748
0.29233977832351726
0.7477912539052807
0.2873539837830808
0.24901602443076215
0.19809151529843413
0.2808287514228773
0.1776985088868466
0.25693108383664215
0.17465337149457497
0.6894990775430474
0.6524700810417441
0.2020376274828274
0.35071808400093163
0.30156372576563195
0.26395132198457033
0.22783335542713742
0.18941534528893553
0.24245003576409604
0.2496912295343044
0.8648467901148856
0.21911436590055935
0.2229050184657991
0.22272583588124287
0.26927640047813656
1.2698947535324656
0.38222609997056156
0.6948704680344866
0.3554870008409434
0.1974133105479161
0.5745440862920818
0.5012949005466454
0.3634247880163087
0.2394267306965047
0.6445034493774363
0.9772391485031503
0.6603978670897315
0.45128440839513095
0.2867255583345003
0.3468870685127302
0.501002373076228
0.3570514981531064
0.5100156188558166
0.6284477437754208
0.9977897584307525
1.397094442833191
1.1089007803883115
1.0578630041673325
0.15005367967898975
0.19936818577206142
0.17365683242313137
0.17513215709447028
0.16571321208810125
0.31204668833130456
0.5755342021745182
0.856664953601883
0.3757205595013507
0.4401260300438208
1.5672180156501259
0.34465925057225166
1.093543705909279
1.8917585092202913
0.2726524299151251
0.2607917334367428
0.28193318256840927
0.5334009794899609
0.3001471895741522
0.2340515605226203
0.2719144444121587
0.3756876676681993
0.1923264402703776
1.7440714439853489
0.3756287418534441
0.49478811105345394
0.5617547300205077
0.629379395098812
0.8724678723981943
0.29593926060181835
0.3525726648569877
0.42733599263986655
0.877172015767141
0.5538249796839522
0.4287416912952622
1.1525146248444949
0.24168997657544697
0.8660700591789108
0.28007982152706457
0.45771154313857726
0.7176468027217192
0.2886209755969803
0.8065789794386895
0.30411312184298595
0.3122125139614063
0.29657161774267976
0.30217258348654913
0.5477454216715301
0.3846476494117631
0.3546153032359695
0.6136688022315832
0.5941699395151877
0.8024703203937295
0.5455649935985216
0.3968363403792481
0.15932088040701725
0.4535303670236524
0.45105971420956453
0.37910458364102473
0.9961260186165598
0.3122833172325226
0.7151700060103093
0.4213815340256103
0.4035001877075009
0.35780717868542894
0.4439494777098242
0.4687073114077778
0.4922885735537665
0.43832557760364443
0.528963360441515
0.2569747421372193
0.8707395364813418
0.34792724831311894
0.3216095886550574
0.39752852410751444
0.8005800918522301
1.1797742294087292
0.3165688432960011
0.6436672327477132
0.3948198943212763
0.2918651712619753
0.5350638520950595
0.26617503654297786
0.24849323026935363
0.2554256688019653
0.20247724399518102
0.2786228861416362
0.23683277888798182
0.2568775552658734
0.5762062449680885
0.23312621318545101
0.3362146007950413
0.3084904295088906
0.23662459028911315
0.3425370244763684
0.37529579431985544
0.5303050524322049
0.3835648687023458
0.485178530875565
0.30293904332112437
0.22778550948456672
0.4502624520913214
0.38905599559255166
0.29638199704205537
0.2864209116299281
0.23066442338543014
0.2435471062230566
0.4822397839262837
0.18251037339039342
0.31589878239098856
0.40792119969962853
0.3216348732278736
0.37198579272691806
0.2910560652569201
0.6235395361338535
0.2985254998655932
0.17681347661936908
0.24524499555824275
0.19077144853358174
0.2439733319768856
0.3177417905031701
0.31374509957896235
0.34262908856406277
0.5550004174790852
0.5460179122002677
0.3630547245664248
0.361847468192299
0.27386446821531346
0.9321288791324346
1.243765323130904
0.5485463414464542
0.18165537661951434
0.2605355920780501
1.9684760369370566
0.9008054473802879
0.6592022917700354
0.3437167305508447
0.31844489643701634
0.2154973319384678
0.25969384913595844
0.18093250232823083
0.1871562121382911
0.2796937544134874
0.414012539725492
0.3888458500970212
0.3479428863874941
0.5770099212596125
0.3259654116089807
0.3660957939038596
0.46427704368122963
0.4908948965614201
0.8699801243139456
0.5605819334533562
0.6557156826280043
0.7632250901424311
0.42066483101911467
0.6355094885227187
0.18365375130156
0.38201389739325625
0.3003889043772292
0.5195461513768364
1.0660731254692324
0.6778747057420639
0.9124739412029667
0.38577204415001365
0.6065735506894689
0.6011772902038529
0.8360060117872211
0.3861747070094709
0.3435589709413994
0.3151184069070317
2.0183808141486046
2.0453847092893063
0.4641398709220545
1.0446652503398737
0.3081225139336944
0.251419151105257
0.3076100415132613
0.3874739646447982
0.4518978231237387
0.7932559067074662
1.1478986433924363
3.7019244762617474
0.47180082817121727
-1.2922130465578237
1.5689141458796136
0.46039981970005617
0.8012665661399881
0.553474599959826
1.7006183026747923
1.217660054428765
0.27516336062921115
0.39997519210189453
0.3438182824731287
0.8434872661897745
0.5694061102243667
0.6324613354701061
0.3711477800208068
2.4069770650062314
0.2902562527183089
0.49784314140736896
0.8579600643390036
0.469253587125334
2.3574672524434894
4.4648229876708685
0.5402018110613681
0.37883691894049687
0.4206645185155737
0.6214172551226441
2.1971132882267654
1.3454773909827211
0.8248512083715219
0.2672119094005941
1.643003011134939
3.3078653358505363
-3.520862414292916
32.15356150284341
0.9655511595108816
1.5460794705560748
1.156182274037434
2.465113899245132
0.8761794345948031
0.5042043108590784
2.5183523717291076
-2.3778923739223354
1.7617630164329894
0.6684575053436728
0.4229038222220728
3.3302439385746276
0.5712094299527858
0.629273307989267
1.289202455113051
1.6071776711422
0.9739699650389501
0.6166398577336871
1.1808480418795975
10.516573781407637
0.8535884611370638
1.0428732326019665
0.41512698059279746
2.1031025653239728
1.6527437161413518
0.555196995206426
0.5453567395659107
2.3652839562397245
0.8441987567210645
1.8127614977952253
0.6607269840340214
0.5596770974941602
0.5854640250887105
1.7731340855303936
1.5901138425545092
1.367301199348052
5.612705631590648
9.414537668190828
0.7385337756039373
0.864858490731473
4.192570131867011
1.5349534150087025
-1.277185239782489
1.250252715490876
1.643506747061544
0.7620944970691804
4.6038169148305
1.44512122389961
3.8453409382811956
3.4909388688783043
-3.8152824429596444
1.1453387922918978
0.6045607843516034
0.7541840114306556
3.041602096811095
1.351745885267181
1.8230368191653115
1.9360787162498827
1.6766255459015071
-10.63275385986139
-31.154786933044885
0.22716365452503298
0.28734816609216496
0.16678010289811557
0.4754598368658907
0.3466683004307484
0.2352552038626707
0.6096335189728683
3.2467799428689443
0.34646641899622355
0.23805112836323933
0.34944303160260165
0.47506994006722275
0.23210853139434523
0.30564854112367285
0.19975642352953368
0.2886133069911477
5.034335938190711
0.6463340034769832
1.1152802154666108
1.182031967650501
0.19043499908988468
1.3612402112057018
0.6491604601994233
0.5610688496867962
0.37088832047634046
0.18788011218958123
0.3030604766441309
2.025112093543885
0.41779938525876215
0.32626582455258396
0.36922041348027523
0.5556643419596472
1.328761395783876
0.7926512956292042
2.6923488237607254
1.0042880301929615
0.6844243916992836
0.8656789077552036
0.4177987594099364
0.43709305229954387
1.060712793168614
0.6609001610123815
2.0373389376552713
0.5343730164477657
0.23081201260640208
0.33146639100095443
1.2774679836413951
0.27664952285662026
0.9592993390023113
3.6697573603855553
2.0185115198783956
1.2498149074890692
-10.371493608403894
-13.626775804288762
0.39985237725857403
1.2152710650099992
1.9103165221935419
0.5872890604822123
7.076987799105845
2.783475777243078
2.5592542972571457
1.8864541708107487
0.583938229313261
0.6009356014916657
1.372414696112249
0.2819789070239963
0.7221462074266787
0.2140548960405957
0.3196430839609052
0.22806225680503622
0.23914195433769603
4.681997083435084
0.2549275848056623
0.2219407750302968
0.3414243917106889
0.2568158310233377
0.2897670272839852
0.36304650601524857
0.24511608400300872
0.23359059762063628
-3.2524782317480785
4.556762993908609
0.4239747434335174
-4.696717817423122
0.8944040473361722
3.7494634455897504
0.2766848265632601
1.339283102737303
0.5447454195868653
0.29468099033454115
-5.012819158962517
0.26546227973240866
0.36020124726461417
0.41272475491353144
2.4886008677084286
0.25726544117470607
0.9323251904663977
-47.04753914105837
3.8947029935097404
0.5540501167846942
7.206282210899925
-5.610687206022321
0.4598511284836331
0.641984551258119
0.49262632419955993
1.7557322590285809