0.5212951027716662
1.2713022927955875
0.4173200440247099
0.4244471164985932
0.42776839475896633
0.2182066231986973
0.4605727900316993
0.8998294063311008
0.4413616733654708
0.38381852195963445
0.4791034751613807
0.3245471732846613
0.30470527181906704
0.24178205111696618
0.6394688050323011
1.41045060512196
0.4097643863992907
0.30528759177416004
0.5035957871116624
1.3489452261620916
73.60871101792999
0.948048381572962
0.2840741253822761
0.5203965182500666
0.7338730062297152
0.9953005855972535
0.5518980622299691
0.33609487990014264
0.3819094927973596
0.40579623459903347
0.310119903244722
0.3615362573630791
85.09844999922043
0.7495049995466372
2.3642380612734475
0.5864215268866271
0.2716830767170213
0.4677350825230478
1.9000683176505444
0.34774720640534473
0.30916960566238066
0.3626482919355173
1.8581209307249373
1.0934670020167248
1.592271774774146
3.141548774283611
0.4558848842151459
15.322443464398372
0.42057247616870663
0.3573189013348219
0.4613853639980739
0.5697224128242621
0.48814887117886996
0.30513549440860754
0.3967009347013635
0.2786827741245045
0.3659468494187265
0.3417785511744132
0.3235941862115319
0.37856753911059876
0.5059424628195788
0.44913985597587747
0.27946424755908955
0.5678664507247116
1.137562452532111
0.8190496711950566
0.4461086036914498
1.705140446966214
0.28868032091274937
1.0301798697928792
0.6387450416270252
0.46544189665580227
0.262197709696117
0.46905600915418266
0.6040735231140787
1.0276359657594676
0.6900989884322829
0.7928218339141784
0.7998480781777567
3.7288532502751544
0.43953447322402134
0.5072697848713783
1.1238528164706385
0.5328716468317611
0.3453124003813846
2.2044520625485937
177.9783803186162
0.687433892330187
4.0336513999373045
0.20702812747272847
1.0190602238584825
0.20432373029697679
0.2624111730283592
0.415793045266631
0.2356478548537883
0.2265739012466549
1.4659142606011941
2.130172623017056
0.4057855095681022
0.470511315655903
3.626716257963241
2.916721814213965
0.2184233965329338
0.5463747677263037
0.40416125566047967
0.1714384585876617
0.32969240348788365
0.361390488046845
0.46183260677531673
0.24955117381834596
0.19903794359049143
1.0247265420503149
0.46661215619287
0.29026282104595735
0.9003272016831024
0.2831411358759247
1.6028415728950065
0.4407346489013611
2.6868400861473827
0.6119577369517927
1.0524663467716677
3.474287576703675
0.7904669365387418
0.34617491787947713
0.40382950954715696
0.3585601299718522
0.3217869797800598
0.30586416617679213
0.9134388921816001
0.5513001640855869
0.2750136521938347
0.21771801142397953
0.5480715737502246
0.5213590582240386
0.8546360770165076
0.2786263341430804
0.9683057460965643
2.212547187222016
0.791735515912733
0.47565842839531525
0.2527169736443226
0.4282452305252361
0.505372799347945
0.41649477787506856
0.518766261400327
0.29996418208162723
0.3907852684670593
1.1596569193683284
0.8720483322927032
1.802877123063194
1.8593833068143155
0.36166219763021706
0.7990527135939494
9.578052777099298
0.9577313660101582
0.37938393615445154
0.443074317100549
0.2993777353216954
0.4046637125935425
0.4179954173725874
0.3186041051118347
0.8648686304886822
0.3360553576699084
0.42022158376075996
0.3806723384735815
0.4870105081233528
0.5569761277039184
0.4866867683787536
0.2872908105681075
0.8035410594818191
0.26966171917612175
0.3943487537615439
0.33416947357926835
0.39491889298940974
1.5922976383654208
0.20336537171940436
0.3061172917490633
0.33795912199400346
0.6163916163137737
0.3722353611553321
0.4268409712423636
0.2938477616789082
0.41007799643370607
1.8542416306994334
11.57872627583783
0.518139666649991
0.4639362827298775
1.1940330987540824
0.2964386535420851
0.214002294218453
1.4573092413828557
0.3725409519330998
0.8298324414723461
0.3423515096472579
0.3901125955853738
0.2418324234683982
0.3808312443298848
0.38213110382504517
0.19090320144868025
1.6374320384754966
0.325823772302831
0.43381047594667493
0.3733490298319016
0.38554509515341207
2.395122073437932
0.35267301525131506
0.2491274551055691
0.3606223498624977
1.189733084748396
0.2207493424473266
1.0728449376117362
0.3587199758931954
1.4598719858280664
0.715838302459209
0.9478985815492662
0.638802371106981
0.2373578800896545
0.28541954047701834
0.947449800673486
0.5188736148931555
0.18304477209386155
0.3183715766672528
0.6064331775572612
1.4061395594284545
1.2429465677638258
14.572219730729241
1.656015124698917
0.4067677780372646
84.4202846900078
0.2153817944026266
0.2691888296443664
0.7118515394142116
0.9369701117619719
0.7901789665294315
0.9497921329948567
0.9221519814707999
1.1359193428296586
0.4139655150656625
0.6166575625608884
0.5479264582566681
0.22871399691582986
0.19062829898941303
0.4602317798873187
0.48385309445050456
0.2540390374519921
1.1826062505425354
0.39213022999621094
0.7531897560594658
0.7094151501597892
0.2867212373195278
1.046291305640549
1.3878635618831758
0.444958341648048
0.8430514655087963
1.359382737342029
0.6547751288555528
0.38008732607281726
0.41807058500965155
0.33303527579014025
0.546005744147677
0.34155323000150056
0.5092110792268573
0.21801340766199895
0.4805344833049725
0.21225407824049414
0.47097299868975573
0.28129975558319203
0.15189118362140194
1.199887328366094
0.8149086284115588
0.8487418297531759
1.5816891106473203
0.24255767833991482
0.39005218177281703
0.3648577651779562
0.9533330299452778
0.25020693079966244
0.6384211599921135
0.288636905063152
0.26834938851944073
0.780568332253834
0.31815367423301244
0.17475027163236034
0.6092546075314531
0.5872926762179059
0.3911498872877232
0.8466629674163761
0.37372550744939814
0.3690384888801235
0.4770979771264525
0.59571987515768
0.4638946173086798
0.4624414590535912
0.3394532872381851
0.42528021720718673
1.1075809310622289
0.48454427364834995
0.7681672422653485
0.22284001070035367
0.25691117179796535
0.5967651198583149
2.0952095220439646
0.22771568674402756
0.8583586404006522
1.259147676248666
0.6835808735773471
0.46777257810087525
0.40403728086271223
0.32995462542025117
0.9238532179428832
1.4808845334578178
2.6984592993248198
1.088606192418137
0.46625043989598064
0.7446339601949352
0.3492297043037337
2.275870262607758
0.32825760130309073
0.35862228349632735
0.5846153613715095
6.500552617505333
20.71042313625724
0.2575358975581731
0.28873008878115064
0.22177948535887781
0.30440599126660034
0.17799170341952908
1.4675731203317077
1.9399851373360937
0.21147687604976376
0.2410858712558592
0.28081403501796803
0.30149186213115303
0.6129624802704114
3.0953872956652897
0.4472928224390989
0.913274852530594
0.33912833665240116
0.3277935323781292
0.39822926316644075
0.5523441179307177
1.1063713041634489
1.4604701045737398
0.26438872360113486
0.43639662827376735
0.4245763246983098
0.7424999813878683
0.8507280623722575
0.5004385026935898
0.33422003025357605
0.896561696293483
0.3013290477477544
0.2762551395685617
0.20652610487671508
0.30850204562889494
0.18887437235230634
0.3106759941474361
0.15060498647003182
1.9057699226642377
0.6586654509287035
0.205037483074608
0.47611450652825504
0.30286257257988375
0.27980914088097797
0.22215104921242138
0.210953686312334
0.23059543177108793
0.2610883786411078
1.0594465564022029
0.2820112041122981
0.2252345351161663
0.19892940697789452
0.2735189608543695
6.6458086447037665
0.6488761401874213
1.6318801079003435
0.6484397455217897
0.19044573997564548
0.9301245986895621
1.0836069699490205
0.5169094614112048
0.22616516957974958
1.3001163602566437
3.769826650888392
1.5989930439134439
0.7005971624850703
0.31311392923635023
0.6069190710110386
0.7315006044518313
0.8471023510277249
0.9310179194058923
1.687325320057001
2.0415194676271726
2.1988881747291784
1.4527871191934925
1.8964991988008009
0.15657261749902962
0.20599351728807
0.18308077494831565
0.16842538120377668
0.1824129974377745
0.2911312174502541
1.2108367465702978
3.5797234730701204
0.8837548386458658
0.643465140635316
2.6956352139973143
0.5160383175634329
1.8597307564075802
3.9877220799709026
0.31441131711114384
0.2725008342591327
0.28844935223010865
0.8554314138453026
0.4964605488028208
0.25416999700442955
0.6389515073898332
0.464462135079117
0.21433811647986853
2.7410479284480975
0.4683194654412798
0.5770251249354166
0.6003368041513878
0.6969547883390146
1.2673151907020352
0.3474354840094507
0.44797670540954077
0.5481065837144464
1.0587419609043738
0.7384152792436878
0.5961311220837868
2.00736531382732
0.3170992298248684
1.2055278222002697
0.35065890812504336
0.7042870535021832
1.085633679156355
0.341164775830736
1.2893124110457739
0.29915887766108057
0.39547619497253134
0.29486529562564595
0.275252565487467
0.6887985012158627
0.7189501528408223
0.3576022110291386
0.9971505124249155
0.6718305145677037
1.0762721795410386
0.6855329032063715
0.3743303613081734
0.1555574875471475
0.39009139977121726
0.39047281413189416
0.4138506235143099
1.1753610431364963
0.2868321194205391
0.8753132375808527
0.37267494776364585
0.6630594780426972
0.4284892140684981
0.572817567549034
0.4405543748316414
0.5219557583217369
0.7186531103756355
0.4544690306126415
0.29576881863241505
0.9345512380489862
0.406725314667994
0.3179301403133499
0.4930167880023374
1.72823663959661
2.0190709802638014
0.341010359689754
0.7254513656337849
0.47488799828915107
0.3162647172386724
0.5724679532778865
0.30657053021021774
0.2844231491170147
0.3075654337837226
0.22465745926613429
0.31130218552825095
0.2325626959256642
0.2737991862127158
0.6901445907255768
0.23519176072576808
0.3591425902277814
0.38789598172350664
0.2587078171668881
0.4158906484955933
0.4213514124103961
0.5708002748419561
0.7020157636622281
0.5603427678833931
0.28722791114247204
0.2587283567354266
0.5870429008532457
0.4081787643851972
0.3613070019985147
0.2992711907349046
0.3650962084416864
0.23838326886100192
0.5068420196982956
0.1521753000459963
0.6465770129927428
0.3967120091836505
0.5725153594479139
0.4841477257522143
0.29948534322525444
1.2538900604946435
0.3035918540677565
0.22426703541393725
0.30167946783541405
0.18464718500214955
0.23576474139371678
0.32958022635311846
0.30225429664346976
0.30679708499938335
0.7335214922165766
1.0522276005426472
0.5704485513352463
0.6288860635798468
0.40128392874598207
1.8275046912286401
2.18086383359433
1.1334191105781828
0.18698444655853017
0.38399529228063684
203.59375455483374
1.0241843922772318
0.9267464145828462
0.421205599072363
0.44909848281865056
0.20042472368966122
0.37347710784124755
0.1843203319441614
0.202142474605046
0.39929269083382524
0.4109643327028087
0.4466525100039157
0.428360587004243
0.568244069822062
0.39651616036854054
0.556972912859103
0.6754680579152842
1.0968284817421194
2.405255067670904
1.2921553957428067
1.8565532763916468
1.0098500546794025
0.47609176289186667
0.6463747188941339
0.1730733974827735
0.4433752952128546
0.3115524355350393
0.6630882404549111
1.3824009499057175
0.90611698075139
1.1768694942727866
0.4320104083176239
0.7380804308219582
0.699613086738051
2.0265306038082254
0.399049035473305
0.39159859110515677
0.33105721495470347
3.8522497973170444
2.053505184800833
0.4702128534851876
1.142286798596799
0.2806940434872615
0.2658660568246927
0.31007146109213407
0.35087558315700834
0.45734019193407016
0.8047855964388941
1.1139350854874488
5.997782883017278
0.4419115424139253
166.74976804287846
1.927870269897016
0.4942138327229753
0.917862253575698
0.4598208747970981
1.714781814206343
1.298187119765799
0.2935540347762427
0.3679561218730383
0.3387035163341421
0.8886836262448427
0.609535209259823
0.8032276828293559
0.4157670702122572
3.50638680032892
0.331021520360734
0.5705928908849364
0.9958958013931166
0.818083148921059
2.8507387698937174
278.6527847526729
0.499745329249032
0.34825836953198425
0.3946450894854216
0.7864598023570685
3.108431566780275
1.3827601194539678
2.271302436519907
0.2453109104458789
206.1406470004005
4.066040540433388
26.95922432497219
1844.183331747526
1.2428507170413774
1.8653470134005774
1.3660318384704224
3.058015421503747
1.5191047676060419
0.5285953146070179
2.8967912982678286
229.8950799577937
2.533849575463263
0.9500548466904318
0.4272182779374784
6.414100803520842
0.6810281034331854
0.6897641871566088
1.4717983786061601
2.0994483491909754
1.434889293701376
0.6616920265929296
1.4135161921409323
388.75744503286586
1.024491572516816
1.111518138649786
0.41194953618995633
2.678051462639691
1.7444007928835892
0.7239313922653917
0.5601245372510003
3.3147248224584227
1.0290706095184141
3.4146839864347474
0.7847725027049994
0.5944982344964613
0.6208391458881029
28.656153686535657
1.8861213378636548
1.51854240622541
107.09185558894166
303.2294793256271
0.8635945880701952
83.83560762858686
381.8313543944702
2.1193081686215067
1.022460077005598
1.6739195528150377
2.538728512440085
0.6549214779879897
209.8377889709144
2.023955550370642
8.457208338653228
10.622114571636022
151.21869319431067
1.4574240253575488
0.5852699945494461
0.7865996926613862
3.60310428755076
1.3625253162850621
2.461488113218249
2.229128567644823
1.68159756482265
1373.5535151100687
1232.0246089527527
0.25992325144192274
0.29446404272308396
0.18033511904889926
0.53327764893397
0.3599458010557371
0.2611032726850844
0.7138923479459982
4.98248568669704
0.3631592507127895
0.29676867942872753
0.34394599791531766
0.5333796198749162
0.25950770908253207
0.33538219243891676
0.24432589002742996
0.30926494770464436
16.21274396863
0.8919287493269469
2.3126576267166956
1.3832518763093138
0.20755119549509168
2.1280754985148156
0.7602157467301408
0.5590431070261098
0.4447852756494123
0.2221138647902722
0.32101025793979787
3.3519336392657233
0.4353910305142319
0.34361033481093356
0.3350208561628941
0.5887286240603126
1.3683324039173594
1.9405615551541215
32.94101808590161
1.292534495826959
0.7441484592121868
0.8960928508290054
0.4157055127326799
0.43458102791688413
1.0056147619390758
0.702373247443983
2.6077505368522282
0.5452720860028597
0.26272856838433345
0.2879076368910233
1.2139006927024116
0.3135527785114303
1.0671338238269306
348.3091061142673
3.460527436291329
1.3100235142191319
977.7274551924876
703.5261471739915
0.5023620936298396
1.496838744211108
1.933558463084806
0.641789935587289
104.01982156342389
3.6840658357863654
5.234191769264356
2.5692548235874284
0.5835539824973544
0.6109445222087765
1.578500790079685
0.32298259502018584
0.7983601482694761
0.20721380303318504
0.39530537366446145
0.20870196595650875
0.23230949854024588
7.727605470291301
0.24923859302507115
0.23249498354421783
0.3739316146463995
0.2441159140707975
0.2858838990662059
0.3977712176434801
0.2442451575288615
0.26861941582375637
206.79798176092177
118.34529456214823
0.527923668347305
240.01518394694554
0.9617886616084319
212.82365602422865
0.2516611361891269
1.9498732345623235
0.6432519104282914
0.34950782763427535
148.04974504818992
0.2357843615402596
0.3291241571797496
0.3914751811682222
346.02668898406426
0.29500350716412765
0.9519524784387379
2678.4469369739486
5.857833112751658
0.4764876803261456
131.46289675578743
916.5607241995867
0.6583536521823375
0.6103218202405718
0.521742206241762
2.4664521563026858