-0.25640786439220303
-0.010083181960265699
-0.19694122517379592
0.26438107065841543
-0.2554438522018332
-0.6745423252825561
-0.606987757262639
-0.41169470274820613
-0.46764039564633436
0.27648289712473295
0.6040000557603316
0.059244976278188775
-0.7883048821223597
-0.5842289697318548
0.664723673251885
0.22257843399769425
-0.09517504771726734
-0.1535915952182308
-0.4285824093987756
0.16653737984777986
-0.4327735270786765
-0.10315586509758597
0.15635520834530248
-0.5560572382652127
0.3852720369561382
0.2016001790946048
0.19286671143914189
0.12357023385472161
-0.37339816256487574
-0.3249135916327918
-0.3073999126140952
-0.06055934057104258
0.2001272769697403
-0.4216067923358378
0.1598342468783211
0.7622393584974221
0.4243009307897622
0.8069328344822101
0.48122896114900043
0.24237913887034238
0.044446656945656804
0.5095460582929564
0.003462636663350873
0.026393736757506666
-0.00408446155784391
-0.17779786282187546
-0.09823080344516097
0.594315117571816
0.11702531652888394
-0.13779608474118363
0.05116972743184472
1.0398800191602986
0.47010621630967686
0.0548185732811455
0.7205202959469557
-0.3441648409276326
0.007476237911371398
0.6143087930278929
0.524523009118225
0.04939981528269452
0.06728096028031204
-0.22755930048967601
0.0952947750467735
-0.1282086076152772
-0.18732547350149423
2.1553273337287258
-0.11549216400572358
-0.8707751515058051
1.6366332362851024
-0.13447847398299295
-0.6623238756983084
0.2390788389339982
0.6717183560327886
0.5610354008842235
0.035881399501034646
0.3258734113219345
0.6740627715507268
0.08119446812003271
0.8641380326066733
0.0972614106156912
1.7388191670973523
-0.5214948593793375
-2.5116278445062092
0.11835065136396145
-0.21775022168585445
0.06040147080303448
0.5140979514023608
0.03839508530688412
-0.03271769397218145
0.15008130393068198
1.8581133290609702
-1.2306231133965442
1.3527671848894012
0.496355018539447
0.505240230163585
-1.0885278664607123
0.15609863162159948
0.9791495124999309
1.3358017976717398
1.2861796695765866
1.4751391860239824
0.8133675124946439
-0.2829787989605096
-0.2338699917934838
-0.25252358906115246
0.10214045849284376
1.7445828668258552
0.0793151337569139
0.33649227077468186
-0.5539347551012284
-0.33309990196498773
0.0558994316461224
-0.645066268286289
0.6206223854917795
0.42759051834085177
1.179758550644722
-0.3176481323497484
0.7791539056014368
-0.0850407004369039
-0.8208701907696534
0.6272376195262063
-0.24011467530978245
-0.11979950045772203
-0.29954427768047404
-0.5665073972873803
0.21019483458624313
-1.1136338963561883
-1.5081303468349063
1.7242315827816677
-0.2056854357164758
-0.4657752090158698
-0.20020383924024013
-0.24398182929005835
0.13589767433445613
-0.010830486287405783
0.14524803548913331
-0.35774726570398
-0.06616882038776949
-0.9820004073886467
0.12556549913536255
3.3700794109052175
0.6997467243136029
0.5472456721486082
-0.618264218032335
-0.06106170264849364
0.84852419350814
-0.11896136781232075
-0.5693486757036104
-0.5259781454126053
-0.92317108237291
-0.5640839540591587
-0.3494004059849225
0.06986217217833375
0.01841747787212354
-1.2689790005044932
0.026953808885149245
-0.040089822530995925
0.5458242236511505
-0.12103283582510005
0.6017444395174503
0.26544521900186946
1.4234574428900955
-0.4058077495420705
0.041234769788664916
1.083028340800923
-0.008394188030511498
-0.2365249004229906
0.4712086589417682
0.12237774876350953
0.6455981199852062
-0.46779445052010893
-0.051986179715039195
0.7701678406823489
0.6483036529390968
0.4553250122176029
-0.2702425567353133
0.2657670374135042
1.025228536280531
1.1800592178304545
0.08909222096492395
0.2700926262424338
1.1780427810319805
-0.08780980742932805
0.8909942958830868
1.0988078161667147
0.7600579811634813
0.22452701636305222
0.3256812358518832
-0.19491021310559337
0.20045167744526624
1.493521231748515
0.05872154921661116
0.1332034573466612
0.35270304076050696
0.3670380108635349
-0.16620440499836375
0.6000811338725218
1.221163383663049
-0.10694378321628085
-0.1637512603079863
0.03097998086311796
-0.7722631921488537
2.0812375276398756
0.508843975427809
0.1798333321423718
1.1496914161748897
3.878156246881512
-1.3888812480164885
-1.3780179175440264
7.225311617883833
-0.630571287536496
0.7137501016021193
0.24560490656538964
-0.01894267373812824
4.210991567146359
-1.2760372141086742
0.042924236972800955
-0.20949492498534733
-0.07093799988825236
0.4562605392830798
-0.7533178432518528
2.294710369527007
-1.8491083008677516
0.5446386249730735
0.049135814031793026
-0.8365420461823411
0.6613844739629269
-0.06138990189196316
3.745564612451957
0.22554629146696376
-0.3153868777388041
-0.5025752783105781
-0.12203213110341118
0.8442134697159978
-0.9874232760852845
1.1723594688109271
1.2350866074483977
1.0447851521913882
-0.134410778400544
-0.5752085515985775
-0.040035172466101894
-0.3336864656441785
1.221163383663049
-0.10694378321628085
-0.1637512603079863
0.03097998086311796
-0.7722631921488537
2.0812375276398756
0.508843975427809
0.1798333321423718
1.1496914161748897
3.878156246881512
-1.3888812480164885
-1.3780179175440264
7.225311617883833
-0.630571287536496
0.7137501016021193
0.24560490656538964
-0.01894267373812824
4.210991567146359
-1.2760372141086742
0.042924236972800955
-0.20949492498534733
-0.07093799988825236
0.4562605392830798
-0.7533178432518528
2.294710369527007
-1.8491083008677516
0.5446386249730735
0.049135814031793026
-0.8365420461823411
0.6613844739629269
-0.06138990189196316
3.745564612451957
0.22554629146696376
-0.3153868777388041
-0.5025752783105781
-0.12203213110341118
0.8442134697159978
-0.9874232760852845
1.1723594688109271
1.2350866074483977
1.0447851521913882
-0.134410778400544
-0.5752085515985775
-0.040035172466101894
-0.3336864656441785
-0.21866339982100505
2.176158055925511
-0.746391971549732
0.1834771328043316
-0.21182125841827396
-0.5392849153417056
0.4829385312199055
-0.18359954698728076
-0.06518369166997545
-0.07083882095898181
0.6716412689963739
-0.5434801205495138
-0.7704862095775852
-0.28954897842391064
-0.18059411879696477
-0.6439567040484216
-1.0465457360466475
-1.6736023138817882
-0.731087413706959
-0.21602605420985987
-0.03199276938255803
-0.022423035679204385
0.8683203814892763
0.8998852111207619
-0.742666896694211
-0.055618947371333306
-1.5423401134744075
-1.6613776479923583
0.48108561257296745
-1.1051396218982596
-1.5856241896150505
0.15884118953552429
-0.8598182835447387
2.3281714730404928
-0.30572115946278117
-0.7109179332439334
-0.23042815875062292
0.1017948110744574
0.09336001566197095
-0.415052065903952
-0.08745205193094739
0.3801851074501055
0.021613803663286774
-0.15473190892976407
-1.0985420814720375
-0.5560583006577041
1.1664175372586505
0.387207594768508
-0.7752012748745671
-0.047061989184309476
-0.23397849482996055
-0.3255150988516139
0.5104691177006871
0.5290633629658332
-0.20312705174416365
0.35548410762718863
-0.5536840931293567
-1.5204700084245382
0.546875487710354
0.053842719268976394
1.2380585787830662
-0.9780018522475931
-0.3024598104797112
-0.408716849382874
0.8479085103817241
0.11923353392667305
0.630878925756845
1.1415051831947858
0.5820179193836473
1.1473549467180904
-0.2278920689129749
0.767348471334368
-0.7016406641324048
0.07587047446008578
-0.035765612228415906
-0.0750324500257637
0.8636011884230678
0.4357038817299378
-0.4741804994695704
-0.3962080694448894
1.3958889000146664
1.1568106263316278
8.325888691135793
2.4332506194697308
0.6137101001816966
2.0650730831650232
0.8815682426168749
-0.617020487781361
1.7757324563742212
-0.5577880896090186
1.3082691955543266
0.33910767550000886
0.1675384405205041
0.058016570674223285
0.03883066177399309
0.5778963539462434
0.30965877486887533
0.340802136698411
0.6066829794099764
1.8229727443954467
2.004950897551452
-2.5275097379414153
-0.6473352723894455
0.5554807575977276
0.041164462987677154
0.954770114679188
0.48923601622338314
1.050151938575636
1.3783428083580693
-1.7774677077902021
0.0065130470306803525
0.30437015947333224
-0.16472982496467845
0.5943268508087576
2.034533262089119
0.728054703326019
0.4294320049166735
-1.3171997650632392
-0.6048508349443475
1.3108226491494144
0.9526023116693108
1.3364949402826478
0.25567530473364536
0.16371425158990302
-0.6359410641238664
-0.465583515412185
0.40538887314062594
0.7190141320922859
-0.5619153831915895
0.9146218097953903
-0.3210826195463058
0.5752466523342583
0.5285146942175274
0.6966207685251237
-0.14588537528331993
0.3596341420643396
-0.31162006641316575
0.21327240085257645
-0.08735628539657793
0.49009072375282425
1.1737012813477903
0.5778609846035488
-0.18149428891374722
-1.3380285366783644
0.5423302018904778
2.0413555772108123
-0.575537170365467
0.19967004746268838
1.5711903689521942
-3.661069434048816
-0.705415832599253
2.0169216680867907
0.8725193734317551
1.3938641075323228
0.9701055450977921
1.9581413244569992
1.5597135792163181
0.8788352673081237
2.302334977667246
1.6199217074138283
6.158997121748417
0.0015471005572717431
0.11530413791031904
0.003488494768984978
0.31640377375479944
1.1505742295221797
3.0731216530530294