0.19149138791419876
0.04061445554126588
0.02389717922455206
0.14469776248866517
0.0964919356525874
0.2319178984446423
0.037317407816071416
0.11235402427954348
0.05515063239858752
0.09471317969075337
0.1259817029953334
0.13758433705533582
0.06242872873603196
0.08751100528451647
0.10458056475725018
0.11902704028075348
0.1089596992109018
0.09975705551694991
0.07973500339410937
0.2151103975835683
0.1790468358985935
0.1033312734524823
0.3666751570950745
0.1269750825032619
0.17756823674484898
0.1011269486425385
0.24713051339198022
0.2496350653132438
0.2205289012065866
0.1165954518363821
0.12172671533089363
0.12397007319781518
0.12283594977795623
0.834518403552404
0.06191722252646064
0.04897877390861014
0.030382063372497672
0.06463748888896438
0.0287714832493097
0.12138833112738966
0.3291816517731708
0.25080779000835707
0.19823523055689363
0.07036027815926231
0.07494040297128297
0.1644567744163855
0.1993616640367124
0.12405261551584391
0.15754968521896093
0.03284521096971667
0.015368955798447112
0.04699139876757374
0.10701074439565175
0.2072410413915285
0.05815291059180337
0.21691358645998335
0.1563784962469546
0.3524408260386257
0.2978416667175392
0.10716939450983078
0.09560858052727199
0.12606268846722252
0.06000320547986443
0.11224117337422695
0.1143756880448056
0.2253384427457354
0.1844579272515015
0.14395227114470602
0.22377281321166206
0.14992848672414635
0.04341551313133669
0.16402530540468635
0.11459462539070273
0.19450352211547559
0.14202619247543247
0.21348458419245123
0.036768456123426954
0.21316354173743554
0.06923029161362712
0.16569555347178097
0.0924261656224342
0.13047132172342651
0.09632759095062178
0.05834443994579302
0.11505616898148577
0.240580783392226
0.5143538793243416
0.5702396093163901
0.32674957090493056
0.2678513174867942
0.19792334918030918
0.027254727473442087
0.2472829749328061
0.09234163436834289
0.13961030456003654
0.1444771112625868
0.5661570522231469
0.20244042259491452
0.17360650889541795
0.14159102313058822
0.22446320014182947
0.0609576333328052
0.030400556039771813
0.06226442865857435
0.03679535946004518
0.050302568600859875
0.19455721071075333
0.053705587594559095
0.3227867284271116
0.08623294136648144
0.05312556696394401
0.08961874072903646
0.3477522197083927
0.180814222435087
0.12555981681231712
0.05983355019989143
0.11591799474080032
0.16537600579682346
0.16447339800020083
0.10163283313785393
0.1705237347522556
0.07984507267116757
0.10242544761544596
0.06422895523514693
0.0978030137784426
0.03543283989613964
0.10855017369719269
0.22168585862261458
0.36390355516527806
0.43807162338878214
0.03393545547122469
0.05022376349040007
0.1155512242493169
0.28141507853131614
0.10150805690432006
0.07267303735252423
0.09023107701419583
0.07648286510125836
0.13592260012256324
0.1496830653790201
0.17108229291587945
0.11437542587103566
0.19105205978861703
0.22658825705513824