0.02857788830637413
0.030063242683641363
0.020511458872770522
0.014327050817047193
0.01800025063639668
0.013192438749767983
0.00541400625437539
0.008630080520084607
0.0190239504286093
-0.004269445011605185
-0.026485111310888335
-0.006288752540989799
-0.002821928036598793
-0.00729107031579304
-0.009944910744828344
-0.008048995655955182
-0.006169479920995959
-0.005389474392341344
-0.017301561612302205
-0.029166471645224366
-0.01833636446204815
-0.027193996798355397
-0.030732263416370764
-0.022011719076710144
-0.030460755338227716
-0.01959790147864143
-0.017135291147935452
-0.027523348250806236
-0.027990817732123426
-0.02419279850601842
-0.02857788830637412
-0.008402816593131057
-0.005966450993898007
0.029120416773230542
0.056811282646457184
0.09679508728828635
0.1515862863012608
0.17533864733291318
0.20350093263929928
0.22942326936073615
0.2741519819822213
0.312573105626758
0.33736707490942597
0.3728492631116987
0.39394490292418205
0.4311934731759955
0.4557845568210981
0.47958231254554295
0.48963938835660054
0.5019889073415965
0.5096729527573293
0.5297256887551871
0.5480036998824124
0.5608886679070344
0.5760889943615056
0.5856380767827848
0.6011049819825012
0.5992302727632655
0.5939178978376267
0.6165527028900307
0.6211283898444284
0.6172215679769373
0.6214372958992648
0.6332446892210517
0.6348804408932601
0.6538029375365356
0.6680589531140856
0.6933663342000136
0.6712776817681244
0.6669571701704878
0.6622306540054275
0.677098535838674
0.6951782064593499
0.6771112199868088
0.6772580346398508
0.6831122774097271
0.690263405599734
0.7060642313497225
0.7171001988094068
0.7121226843111058
0.7001592692218365
0.7096144769907156
0.7235090465882832
0.7183288881982056
0.7197238321560493
0.7153458628314396
0.7242737374721345
0.7328207010755224
0.7434759064299935
0.743849098937494
0.7460329590306731
0.7367663363062981
0.7456929235448692
0.7470357270649424
0.7459106413941807
0.7556207671007235
0.739383085038255
0.7229034799480899
0.7413137769754881
0.7262356692498553
0.7292669875123838
0.7018225248382746
0.702176698876183
0.6949529548500911
0.673703545261655
0.6678820361689677
0.636622353273021
0.626069952791137
0.6101534055255116
0.6026891847269241
0.6057497714913107
0.5830666306932432
0.570987252998973
0.5525095035033963
0.5463798010724082
0.5513318136365656
0.5245604025430853
0.5183254806269058
0.507923659768397
0.4836412633072022
0.4553455876384112
0.4526993999895254
0.4539399407110599
0.43756240932524776
0.42125174352608374
0.41216919935831103
0.4077631094070845
0.3963969219046925
0.3675050776592333
0.36708402073530627
0.35308478544302335
0.3659864567312371
0.3470042321776106
0.33643615941312144
0.312262223925012
0.29863285236377374
0.2964114902354365
0.2872949975544827
0.28367312162551456
0.27612184736879025
0.2606686853929306
0.2530734265314417
0.24572868361931058
0.24944836873095688
0.23913229885549417
0.23792012096641085
0.2218953940299579
0.20493733573579678
0.1909906149734896
0.1866500526453251
0.17218054889542803
0.16047625583759392
0.1652490311474151
0.16253260159777058
0.1555236230617585
0.16007151389929397
0.15070288534490245
0.14156957650541377
0.13849042697441313
0.12683506509904263
0.12477933362230549
0.12716847427514286
0.11049699696303221
0.10492778498397426
0.0952334414878041
0.09770334722258427
0.08637554575733773
0.07460801249894833
0.057932592540475794
0.0679234589249492
0.06870590249776141
0.058100736251221814
0.04162505469805995
0.04719824628515462
0.038667457510832635
0.02798421045250734
0.020833533849762473
0.011724637146938485
0.017609017232976795
0.015602271684917558
0.02018679094674425