0.08872115456047781
0.08818629031961141
0.09226408684686778
0.09362765411362008
0.08493628097650037
0.07302088332140029
0.08602773372638788
0.07651923625828312
0.06996513774112495
0.07218677843944016
0.0543544950833093
0.05716271585650744
0.0648910959239209
0.05282039275596316
0.04817396230530481
0.047876313827959316
0.03973385407554811
0.035824242909560156
0.031582939509909716
0.031017782108543963
0.020079995515104178
0.022284917704723566
0.035682575779106454
0.02779923009799159
0.017822293672909835
0.020457739917842974
0.018894870550143123
0.023188618555547567
0.03305629837600272
0.02355323563513544
0.026411879509412987
0.023974319733180587
0.025449653789334732
0.019906632248199132
0.02041537130607835
0.02027362875574981
0.019689672596346682
0.02039145017444955
0.020361924528696593
0.010869284135671313
0.0049259765113665085
0.0062293945747156215
0.006123729647747471
0.014546941577155033
0.010237317718034171
0.008910943994701655
0.009269395224920235
0.004643755282873854
0.005695831587153469
0.01505888812946375
0.013219174257911772
0.005948688330879496
0.00893867213443128
0.008958936655412968
0.012670045905198463
0.009624800565820666
0.011259137150279798
0.0057142188451110585
0.0004530641714469499
0.006668859237512233
0.014616105794338185
0.008855560782538257
0.011738353557269666
0.006146972567636153
0.008740836590733672
0.007641917921002048
0.007257054053768538
0.013798602960889816
0.008822704995816225
0.007173237886923868
0.00856449356982433
-0.0038034307046118567
-0.0019669726214354005
0.008209534327382272
0.0047853151614370105
0.0032105342510292158
-0.0026906895143709655
-0.008272687075149446
-0.007189371349663255
-0.0006839241460639768
-0.00656723304253126
-0.004869331128115537
-0.016630625849907096
-0.014877620151083225
-0.013447730440417931
-0.008957228703446264
-0.01239686146130609
-0.014304313552476668
-0.014539564814345493
-0.011668759995790791
-0.006217364107575819
-0.01655231143163561
-0.01737349413913023
-0.024494318135461594
-0.018209850721013877
-0.019377293210513805
-0.030354511853691965
-0.02533928094707622
-0.029233002932592404
-0.031113778987720997
-0.025542584128439513
-0.026494270580753942
-0.03398804673097677
-0.025568609119868968
-0.027034139443241744
-0.038431753821562865
-0.03503980853066309
-0.042244028064785825
-0.04824798812733862
-0.047212843363757966
-0.0442243525332109
-0.04353998184496601
-0.0438720418554803
-0.051531833941904324
-0.05177552289622938
-0.053605254564948815
-0.05400864078427275
-0.04725283671419338
-0.05365720597351629
-0.047209944249520304
-0.047041176169397375
-0.05406711618449007
-0.046874780409211204
-0.038764918548170275
-0.044660398316454915
-0.04515563934363046
-0.04850465919735764
-0.03751249407034435
-0.042440040342360257
-0.03964870713127838
-0.04153351534351327
-0.03484459421090875
-0.041013477002086234
-0.04083592203778231
-0.03175862708528217
-0.03331152672374591
-0.03411574988377088
-0.041266824533961056
-0.037114301209305145
-0.022983426880206617
-0.018827248954665206
-0.025342804914752076
-0.02174524541063353
-0.008564500255496942
-0.004474269570022628
0.01046419251637101
0.012115128431685959
-0.0009815823465885928
0.00895013187497237
0.009986272478961304
0.015365439895592893