-0.03716589159815626
-0.3064913556622298
-0.10730549169386153
0.195398891338472
0.14939718257565052
-0.052597653559619664
0.11797462252175868
-0.08489622701067676
-0.4793055729104802
0.20225798672351744
-0.2143463439709892
0.34211681203313427
-0.054658989700437394
-0.24578288535413204
0.10169164103854551
0.07416737040697824
-0.018329819858551012
-0.1844564937803911
0.1913431736515321
-0.26983905874553993
0.21769017458763393
0.0981994595638604
-0.19042251434260865
0.8735445544093139
0.31148806240890703
-0.5041551022507007
0.09009401765319919
-0.06673188004265913
-0.14088917053683736
-0.47484643034525403
0.282906469011987
0.13083738189758234
-0.5564713342841593
-0.3705510228502733
-0.10007732806090157
-0.3478426888323613
-0.4614310652602505
-0.1632705242142168
-0.2623382341412056
0.0042452334333334
-0.21796268243094544
-0.21296719960667032
-0.3013556637715429
-0.3297085998279474
-0.4573557944586244
-0.35958465208675927
0.05192759411682375
-0.06877647900905583
0.022412237524509663
-0.3508479655496339
-0.117952550030561
-0.015349921898852434
-0.09031538138345685
0.12993373068936478
-0.4414364845975073
-0.35993377010863675
-0.1838378782238262
-0.2841735738140137
-0.2317222454249483
-0.2602325991841987
-0.2527892068431727
-0.056500531372647544
-0.03359660726942161
0.01459967112723341
-0.2121786890094341
0.32665207873163066
0.08762844815791176
0.07311974092085537
-0.2722784399835366
-0.1840944154808259
0.15976437476920288
-0.05041517169944019
-0.08646721912165703
-0.12135284711039943
-0.13976805437476192
0.07787167532925175
-0.15788749358767573
-0.11821700217901303
0.03896049967324845
-0.0647097091159048
-0.02572516198147181
-0.1476621351167728
0.011045989105431517
-0.14164453297770097
0.09137599458196421
-0.06001087727185936
0.0018977218293121955
0.0859601060381103
-0.0030005302536778916
-0.0050977179849289265
0.11818006464289611
0.07983225962323176
0.006605068429278158
-0.09193103408629863
-0.08190494548649555
-0.07813605007317047
0.20836640921355112
-0.13242667823547577
-0.12185266686292064
0.006672915715460384
-0.19413144222088566
-0.15282672091109775
-0.08580682243183252
-0.057262192632941133
0.06263610300961653
0.15328204456356923
-0.014124704898330627
-0.101575230725517
0.0675249665904082
0.15885193644652645
0.1115644212512044
0.045641014281199786
0.023097550678320655
-0.16532763305897033
-0.06604949311701022
-0.19329512138055505
-0.3310071472212828
-0.00034262190135526927
-0.04070541926773232
0.0011736537818900692
-0.2291440627376114
0.04740122650252483
0.03350048474632354
-0.05618790728158681
0.11188389195466467
-0.2750205584270666
0.09580998092206364
0.061168452309191754
-0.08306023491528876
-0.11298219695100874
-0.1608906284551445
-0.01785842157638077
-0.15596395832096718
0.20634749972566674
-0.03583143293597638
-0.26902884154382145
0.09794350442263107
0.16953038186419728
0.033305237427119896
-0.035104070476234664
0.06865548211214564
-0.019042684922234522
0.020201338932221414
0.13692143098109333
0.18556991546129478
-0.03775841770086822
0.059398101652409996
-0.10417308591777566
-0.3975629401244281
0.002955978570493303
0.11215694592520421
0.10911579126024624
0.06442355086115094
0.006932584098385397
0.18542428133988964
0.0655492850913781
0.15840047552070322
-0.21034386780966238
0.05924812429349306
-0.02174957795836545
-0.15084283859501374
-0.008815279231562199
0.11792886240360896
0.0010992577793018693
0.11297156215734999
0.09931718026792201
0.17475564019474485
-0.020562391841971738
0.04009179692020237
-0.12843456233098713
-0.1552435458101756
0.04638103149105051
0.06812503650802898
0.06811761333691609
-0.14263184547837654
0.2522940175086956
0.04974653142034467
0.045863726607152995
0.3559399554284247
0.34155027524287856
0.08983411804164072
-0.05472723545905809
-0.10095614807005422
0.3982365640694781
0.16646973250247252
0.1978483760210178
-0.016322796940254864
-0.03623536200703849
0.057631623064014675
-0.10314168950773882
0.2993602326744088
0.013925469409274823
0.10801249367987492
-0.49752235913510995
0.06891055490647767
0.2572153539579228
-0.0850357969433687
-0.1234025185689425
0.33947957619178865
0.03503265415455197
0.04731564860485419
-0.08443732167866953
0.16876724431310047
0.14082651759858683
0.49637830559854124
-0.21684338877843296
-0.12770646384039375
-0.10961960440945438
0.28664456279585415
0.0746393195338039
0.20528131737067426
0.1971426138890829
-0.01565895254363107
0.034696162312586515
0.25486208583258935
-0.028905207741413436
0.3538887062169672
-0.10009181642819981
0.14876184082824573
0.030163071676985512
-0.09511079104442392
0.08801393785913574
0.06745558022905512
0.015801854713973853
0.26408600130954946
0.13508688237725
-0.0019224759617046895
0.14173027644594682
0.10042161937861657
-0.001417798636990159
0.2854339168497693
-0.042621035220585864
0.1365672665681375
0.3643439324357369
0.32260489417627125
0.3792075730599209
-0.07417483266001317
-0.6563055385192007
0.12524398753295796
0.5919731315840131
0.2619486897945607
-0.05689868515394628
0.12470426149621305
0.04841900652149669
0.2949708330495147
0.5155189301283608
0.11109237286168866
-0.07549562269421745
0.007871770923526126
0.12995517717642338
0.45641964591133266
0.0957015652000945
0.2254156519148312
0.31936724393156957
0.10356107020518086
0.21882572314187015
0.15492934422212476
-0.023932170241378684
0.32478213504954023
0.2168370351760001
0.28566020190074937
-0.01051072554801441
0.00008791412650893934
-0.05532479422413178
-0.084178960399368
-0.08030585105847964
-0.003228763025258693
0.13050338224303903
0.26070835225898004
0.12260424287975494
-0.13539263179154223
-0.08502673094328203
0.001148465634568626
0.13426393577691972
0.21499287205078563
0.07257279119460831
-0.003515910684888613
0.22860119491041325
-0.05508133770605322
0.09099967319661352
0.0753076621096442
0.13408860479867232
0.05149455320815773
0.251697768115514
0.04675134118203853
0.09639666307412763
0.0549312693065915
-0.15855692468441177
-0.04408881749072912
0.091841035738638
0.07573451767432628
0.10547479805766466
-0.07118723116938373
0.05928734419604545
-0.02399935862668428
-0.03038466746106502
-0.0401730381691192
0.1673950998150172
0.07575673941335646
0.10309752368817454
0.06035697559086451
0.039936177655348605
0.05388176618245134
0.19538282618796562
0.018648697024765945
0.15156573967654247
-0.12113996998403645
0.2062190525565839
-0.00004705293677292295
0.229638301590499
0.010429813678340548
-0.2640604283041577
0.18533781209524386
-0.029048637372307035
0.06779597236855943
0.07280425478994297
0.010425897993487993
0.00005564537248227882
0.22163013703996698
-0.3321180636238014
0.1544862510666591
0.0661698699119011
0.10326421487694007
0.03479593045886926
0.06976773404823493
0.15006246503840526
-0.19208266484872222
0.1344397440825633
0.03601481810101766
0.16661337096300238
0.035115762513003836
0.02609033191414322
0.196819040865713
0.4193572331412592
-0.17935691055091835
0.33660124006875164
0.17392719027416428
-0.007797692497979867
0.0376948333626184
0.004905710451171008
0.04432866267992147
-0.03455667363104638
-0.0013297292513690813
0.021394394677494353
0.08485361921465025
0.0895461191542706
0.2475287269592099
-0.2453052305226177
0.1794332793196851
0.20105102938511205
0.10653820190969233
0.19968496347826611
0.022711581210179698