0.00947726383319382
0.009324143772795968
0.009098608398106748
0.008670721123518901
0.008714148465493874
0.008541252209656939
0.008351377931844392
0.00873132490934694
0.008400585732039355
0.00823657394647541
0.008172679035645405
0.008077798379625094
0.008012820830898097
0.007761219673575925
0.007714868021387331
0.007879881173239126
0.007381397056579842
0.007562669875295321
0.007284276906432575
0.00690989795597949
0.0072329825557421006
0.007084799794260463
0.006769593335420584
0.006516013558852354
0.006960904562338691
0.006473480462680381
0.006496839739088981
0.006815605391565464
0.006432588017988758
0.006593369121720241
0.006289274933414617
0.0064278142773122725
0.006371261302668162
0.006017545803383961
0.0058868386140449565
0.005749910434760713
0.006139322036808604
0.005927460383401975
0.005912020082664366
0.005685538933485422
0.005883914106601966
0.005889083904551642
0.005875630104864709
0.005655099042144899
0.005361202931943208
0.005974335612325878
0.005957250375159221
0.005623315013303591
0.005523372729012531
0.005672674835676599
0.005717371578248755
0.005684431217214489
0.005929374771494651
0.005738640656315597
0.005937310955299653
0.00563758249061613
0.006048561875659181
0.005722945933916632
0.005504421988741858
0.005664727182723177
0.005640507253338785
0.006015051763333038
0.006026819872778577
0.005740806014746912
0.006148405061141361
0.006024983756791345
0.0058217594267592175
0.006073555480080877
0.0058731253760924
0.005692996999428825
0.005724318873319769
0.0056356748883545195
0.005332070505869359
0.005710948653279554
0.005483568830058772
0.005840155653344981
0.005561659822370736
0.005910994757603854
0.005484344957556426
0.00590619356821409
0.00583848978474821
0.00585704433516586
0.0056686693383929355
0.005664804649652709
0.005605424177778496
0.005842018579804438
0.0054923623056979745
0.0057223159377522885
0.005532680595898251
0.005706874266222298
0.005284176818553727
0.0055378112685309355
0.005906871204068741
0.0058731920605319095
0.005475100206467677
0.005422249658689181
0.005687464318503346
0.00573326086735006
0.005492759831840674
0.005718085686089641
0.00575870619760988
0.005570780314090928
0.00591681366337831
0.005828193219753306
0.005663973555545328
0.006065280930545754
0.006034086892656396
0.005841184453706517
0.005791842046408293
0.005856809939911258
0.005826850974121088
0.006143780398293449
0.005613757241990997
0.005614733223982352
0.005817265004156197
0.005997507030081118
0.0061276969859877465
0.006192798548693701
0.0062723805439811224
0.0059775988117055775
0.006006335234627889
0.006178188105961742
0.006097060168618704
0.0062526948036804204
0.006277062280899685
0.006164420484119395
0.006585634423626105
0.006656749725535615
0.006627046139681528
0.006529414835674699
0.006459853237962679
0.006567272835261531
0.006903883488854254
0.00699358137247133
0.006718218686437379
0.006821830746630227
0.006784834248894998
0.00703955744749632
0.007300696616116147
0.007160828104258646
0.007564313291436093
0.0076844980795076345
0.007952581459146131
0.008219714155365248
0.008084686372048691
0.008073017841825356
0.008579243681415447
0.008765429551048982
0.008686534632873123
0.008665728908292179
0.008984727139907401