0.010919137538456988
0.012110461881512217
0.012687732982919914
0.011291276880696524
0.01060782439407027
0.00998827673603009
0.0110720523659351
0.008832449179104024
0.00835242175905588
0.010036498332289034
0.010007670641071638
0.0102894122896117
0.00973209490039162
0.010677454855680876
0.010710420103045308
0.010787369584941253
0.011018114312629943
0.011336837038947799
0.011181364557580297
0.010011526483747311
0.011800801862105007
0.013793524892809389
0.011854125446339566
0.011659763530526814
0.0134207966974513
0.012360852600416796
0.012841301921001191
0.012102848806868068
0.013106962947031245
0.013002669889878977
0.010919137538456988
0.013284236123438315
0.014715173036103216
0.01484928271350353
0.014844906599131878
0.016434138417611113
0.015372874035391247
0.0160547594849481
0.019247390817727472
0.018853684559330085
0.020671380996431857
0.0204770084781927
0.021812659510371746
0.019840321155576195
0.021126479920383218
0.021275960839112998
0.022077433040505818
0.021165341792025026
0.0234299408682336
0.021511481781176917
0.022631199618529312
0.021811923734732855
0.022778135810514216
0.023363199885106108
0.023878481412233178
0.023114824548131668
0.023285488721985232
0.02223637296291364
0.022567139392755797
0.02145976439320514
0.02311778225606119
0.023665661134462265
0.021682137120685053
0.021918639320359472
0.022821347530849266
0.02226750709840177
0.02328037118731695
0.023543676019332407
0.024477108422519378
0.022242374970598677
0.02262875781692376
0.023560765042531195
0.023645738116021952
0.0228661544935358
0.02294014490773407
0.022878809595081505
0.022096330373081802
0.023349532096470647
0.02405436287733548
0.02289279292021203
0.022744279550564152
0.023331321268695224
0.022637296450136613
0.02172882667608326
0.02291055004421484
0.023942342307906154
0.024884527089840562
0.02311373355980358
0.024495667653988147
0.024652712958257647
0.025736105244214425
0.024423018040581796
0.026139556441222688
0.02729862198474659
0.026881714268771346
0.02555701839440982
0.025128516011626727
0.024744055753332484
0.025652396260982587
0.026908862907737918
0.02580179377015642
0.02581077031168087
0.026582900653728973
0.02802930537867095
0.027259645373562794
0.02612586886237664
0.0260932918435752
0.02817138048501561
0.02716300632549116
0.027830872263467935
0.028010319100815532
0.028456222253184026
0.028629891147507698
0.028007226751011763
0.028609854918381236
0.028969388092377688
0.0276900904786607
0.02903373207535088
0.02796120896499659
0.025486876145190126
0.02806380884259062
0.028153771814785962
0.02809949781878168
0.027385094085389267
0.026734820722516095
0.028224239208944044
0.02780203072725382
0.026970333811839296
0.02630878293650096
0.02725244485928256
0.027212418174699566
0.02728632359313125
0.025796230788276763
0.026862714602549097
0.027238679795649038
0.02604295723317012
0.026571663202088647
0.028453656732319418
0.02891314302154668
0.02837934535015094
0.02902985139709676
0.028414517277668784
0.02737928630796031
0.02910749366567733
0.028225863666687674
0.027859168697743013
0.02936645949113425
0.027662807127540625
0.027595100462215305
0.028713884304038154
0.028257253157965737
0.028305635090840955
0.028515721086440383
0.028409561290609033
0.029169868830007134
0.029142505389604622
0.030139244125271636
0.030366811368450965
0.03026779347359375
0.030833016479108903
0.029675853912685127
0.030060367118709727
0.029688078774137466
0.030752251080808757
0.03109702807049285
0.031288298704682645
0.031872115532927535
0.031207947235475948
0.031094438405525063
0.030951740278620077
0.031027142567133074
0.032306017413654284
0.031683952842478304
0.03147643144003913
0.03323648499875984
0.032242858306273464
0.03272187533903427
0.03263893598910184
0.032246488765091244
0.03169427980573275
0.03168252569288241