0.011347837020151871
0.016238077138220185
0.014087957758640869
0.01419787897018258
0.015756480403354575
0.016639751796071647
0.016166110406839698
0.015697589691061577
0.013700649149825278
0.013171596849057996
0.011705763773109657
0.012886022025093582
0.013101462734105717
0.013522902489113819
0.013252926494496192
0.013652512349794322
0.011909995490949534
0.013024987454355137
0.01294835962892565
0.013948580347622362
0.01184700931629869
0.00956633948062222
0.012537910585857553
0.014466588663023805
0.013692447045373344
0.012052268050382753
0.013897333803640687
0.014173609581534104
0.014307698461511876
0.012492647643811866
0.011347837020151871
0.014161844863375945
0.014493592399902824
0.016781120026572394
0.016108312433856315
0.015237128091716205
0.0165988677657913
0.01749385916391077
0.019477611028887187
0.01878825566134892
0.01811604362334867
0.020340335170816407
0.02132697698543282
0.020393092212061942
0.0193062460891066
0.019612386326192603
0.021260424247498695
0.020929637060922116
0.02053609400638899
0.022553431348299305
0.022030115888025857
0.021183222520106966
0.021502041115904914
0.022619247645803964
0.021955369317669716
0.02336818334094227
0.022652751225755614
0.021892168834525647
0.023669611165401987
0.024966660100164004
0.025877752611616713
0.026981321926985286
0.02669371541600323
0.024933486786891744
0.023950070478509985
0.024711649276794877
0.02397517197199253
0.026053323043916485
0.02607421993588128
0.02663118656765117
0.02632709478258958
0.025881591106062942
0.02678804857969284
0.028561091776823033
0.031130441512874547
0.029841516046946057
0.029979312476330587
0.029070348021623994
0.03043357750375309
0.031525241967758806
0.028744132755944802
0.03126929936509702
0.028585088731319132
0.029833159739424017
0.0326777645792426
0.031027259479353288
0.03112855426339269
0.0321347555910915
0.03200197920235056
0.03211777813626708
0.032523631830960485
0.03252694132638606
0.034318838210481956
0.033822509542282886
0.03454567484460785
0.03481949685660309
0.0337233973493389
0.033137509853391985
0.032856272403661464
0.03312062690112179
0.03440770549069809
0.03517965279952006
0.036139735680212844
0.03369538381415083
0.03310774098544645
0.03635862325130056
0.03688119959899473
0.034588942135766174
0.03286859708322555
0.03471334540737371
0.0367311063861342
0.035596565469469155
0.03784295222454014
0.03417734171614159
0.036327432675502265
0.035171512934305364
0.03443407144920961
0.03463664608177019
0.0349661975692853
0.03551557826573189
0.036212444144086316
0.035994748154296666
0.03313008793446579
0.034005756680480836
0.03454581393036637
0.03605172999258109
0.036190353689063946
0.036900187594296786
0.03797075797190237
0.0368981405807159
0.03791822808586387
0.039660759084189444
0.0370277456102841
0.0371747702288967
0.037609228686696666
0.03856484299002806
0.03839920633271054
0.039104424503451855
0.03798386530705252
0.03961284179480061
0.03886633168557004
0.03795634476926314
0.040357359607449114
0.03951694614938292
0.03979558034700398
0.04004201693124871
0.039401328107531955
0.04073417031106173
0.0410319041217439
0.04166572614202372
0.04142161855006568
0.04074530937658854
0.039600573475469386
0.04059294175345605
0.04019542233840201
0.03988016484700885
0.04135746361727494
0.0407310705958829
0.038895315746772983
0.03898795532620834
0.03983874601329363
0.04061324456227305
0.040336244276816535
0.041149400214524366
0.04108274827842769
0.03946933821849617
0.04304639302319309
0.042624465756092314
0.04145827512871203
0.0410115464795333
0.04109597380364496
0.04278738875885396
0.04219074239548888
0.04130026486666063
0.042665330625608566
0.042482587176800854
0.04186006978934837
0.04210132084536665
0.04363915835119533
0.04404699740438849
0.042977173579688284