0.02511909059645574
0.022252447894430663
-0.01977504557618054
0.06290344751163694
-0.008366564345572808
0.04851940998190931
0.03197452248331379
-0.015422598005155374
0.007399136666488261
0.0623609536035188
0.04253040091600924
0.05112793705238829
0.025587228270929897
0.03162285741827048
0.09046184889078808
0.005853235884355725
0.02324386255226312
0.02496511134979459
0.042016826890994306
0.07097605132547007
0.027810004758085986
0.0472090878438878
0.016046730984268617
0.02166472852193824
0.05142023103222464
0.051581055256820885
0.0165845754703272
-0.0329864799875977
-0.037494047482633984
-0.02251472718393371
-0.024781655957805775
-0.05672464899420274
0.048011311098634865
-0.0936963417530203
0.0066710841060748415
0.1539436252832146
-0.0042904824991229955
0.08640068168078503
0.09973996703696623
-0.019272708805594403
0.053002432528602095
0.06533463989778492
0.02807201929012405
-0.009336758066034442
0.004768513034394013
-0.10004475922813272
0.007987137756664354
0.06583466262189984
-0.037302236395342026
0.033063893796656606
0.012892781208901907
0.09631888653162368
-0.024026256241978353
0.0016297006655287675
0.037861273690567125
0.0246171737631531
0.03267532550129098
0.03824940869501179
-0.0392663875478303
0.04346030867187515
-0.03642804891941459
0.04880726568226256
0.04847700923887713
0.06121773321297516
0.03836976983369359
-0.018381097815474815
0.007416586716100639
-0.023635814919242867
0.08201075149369748
-0.055285671648970004
-0.09312852675685522
-0.02885654055136384
-0.03440571464448127
0.10390569139068506
0.048177223584376046
0.058384384538470224
0.054459887446602906
-0.05125597583946931
0.07349823170649508
0.07593152046047191
0.0785095326201637
0.11018491833332499
-0.10797391759450274
0.09863396576468038
-0.07113949155656314
0.11640630542266102
0.002774793712028451
0.03769109026637315
-0.0028529628817215717
0.03273696183848759
0.04437076342688346
-0.13995952983544244
-0.007602378799409734
-0.015015890778141753
-0.035423359371679126
-0.15091838649696848
0.014881046592173172
0.03346149752829435
0.08192109268350783
0.050758059579334804
0.11949314883093344
-0.018000920938313375
-0.12084216732262236
-0.04381843667604109
-0.043697584082520814
-0.0810982920687681
0.13169500484983943
0.023873194805279902
0.03236000616606433
-0.027854952352596073
-0.027387863526403697
-0.0068185034667352625
0.0631997299111813
0.0776269168047665
-0.010243236278194394
0.0900214411003599
-0.03647336232670153
0.1661406080923865
-0.03352498173227222
-0.07008104872315676
0.07195854532262873
-0.06908102297446297
-0.1228132624781195
-0.014624418645141577
-0.051664226280312066
0.05449995995591905
0.02028196651957982
-0.036935038859284994
0.1212886143686684
0.007410039761985804
-0.02357094057067453
0.023854369185376232
0.024766096856269897
0.08162153991009789
0.0018748923495620316
0.05644464353842028
0.02490485969188829
0.03923046029592879
-0.02601043534617472
0.030288905431082053
0.08372644815554062
0.08119855333277272
0.039774459869733436
-0.014425013992513095
0.05643766625228665
0.10190519994264562
0.003772120692804963
0.05149699463637057
-0.055740504839095005
-0.019472538956398104
-0.02865518056052473
-0.10208946694080827
0.050809563876572386
0.011085123873425385
-0.05246156223533636
0.011392452169235266
0.051649932973125944
0.057060998408662945
0.030305418182632597
0.039832994781192295
0.07031205044138276
0.05992341142292333
-0.00980137803145913
0.048074580195022594
0.04896328786760678
-0.06248060089780751
-0.010629220186135538
-0.021172562616934225
0.006240255276833645
-0.027306624524227715
-0.04084942616385527
-0.03235752391285602
0.04489952658070494
-0.03165280178992793
-0.01796758058230117
0.017512043646120166
-0.04336375615411566
0.021402820087911657
0.05130723293504031
0.02282887883082523
-0.03908340764333104
0.04030200821085968
-0.05938366887570233
0.0031002265915031284
0.054608244437817026
0.0018252999016356178
0.025728817463062124
0.014663329691351642
-0.07339917220829172
-0.021640096776003818
-0.0048184478442344966
0.017826808289398286
-0.004349203076085905
-0.03346655497607497
-0.016716749165066803
-0.02259190743397493
-0.009176475922476186
0.024570542343473355
0.0819795313537023
0.05279794289021166
0.04662647962667767
0.00673334904796603
0.031836911765065624
0.055376175915388376
0.05542531487200289
0.01803164869551469
-0.0216036485099922
-0.008288912250146278
0.0303400312915804
0.04047178069455338
-0.01912539012640199
0.024253366415042395
0.02203387497885779
0.01694418725786603
0.04447704845972912
-0.027754542801583834
0.025502720556788323
0.030247610011988984
-0.021121738881639332
0.05906733181525144
-0.01285033534746128
0.07382426696977057
-0.010492813608667016
0.02527133461031062
-0.01829660086791898
-0.10308726354077878
-0.019159268125031992
-0.05039070186978987
-0.003910693337652444
0.06582426822902139
0.009162322895777552
0.008813243587550824
0.025064294493399326
0.06179520598493246
0.014195625267039895
0.031799063461898175
-0.06006912438935387
0.0739629144289111
-0.026750764894325443
-0.023847436015318173
0.003550557354756103
0.015686903332716974
0.024570542343473355
0.0819795313537023
0.05279794289021166
0.04662647962667767
0.00673334904796603
0.031836911765065624
0.055376175915388376
0.05542531487200289
0.01803164869551469
-0.0216036485099922
-0.008288912250146278
0.0303400312915804
0.04047178069455338
-0.01912539012640199
0.024253366415042395
0.02203387497885779
0.01694418725786603
0.04447704845972912
-0.027754542801583834
0.025502720556788323
0.030247610011988984
-0.021121738881639332
0.05906733181525144
-0.01285033534746128
0.07382426696977057
-0.010492813608667016
0.02527133461031062
-0.01829660086791898
-0.10308726354077878
-0.019159268125031992
-0.05039070186978987
-0.003910693337652444
0.06582426822902139
0.009162322895777552
0.008813243587550824
0.025064294493399326
0.06179520598493246
0.014195625267039895
0.031799063461898175
-0.06006912438935387
0.0739629144289111
-0.026750764894325443
-0.023847436015318173
0.003550557354756103
0.015686903332716974
0.007468225566446466
0.041927840030294684
0.08834449425393238
0.0590996884215521
-0.02683878729310633
0.009858730211441156
0.06485606381667666
0.028826687653428804
0.02834841579965636
-0.02104771989388333
-0.0030719574302365943
-0.0005139334687223685
0.006625731820574536
0.053391925564274786
-0.00816719860038415
0.05986375852060871
-0.02713963068386007
-0.01639831592404622
-0.03252585772216362
0.058243152703935444
0.03153648136791364
0.028641306915218438
0.0015815109576576742
-0.0031435907766249466
-0.06799909719884763
0.035153501080095816
-0.1110760620831105
-0.007617232558959438
0.10449819565113343
-0.07695067906249922
-0.08132791425923049
0.10655575981344582
-0.008454967398023509
0.06586952905416028
0.006073448842607006
-0.033017964589694686
0.14812397445322184
0.05871767778151991
0.04212505543638342
-0.018212471449485252
-0.02967745066803672
0.06309399775244841
0.08040066048291103
0.030431544378818474
-0.06070223893033213
0.11501612096988005
-0.02836732261564785
0.08800342697400035
0.049551177256524276
-0.0769945459419624
-0.07356687488741442
0.06635253901109343
-0.07963099933813603
-0.01051406440167486
0.05915655727535064
0.05308978934462693
0.02714921840519646
0.1303893181567624
-0.02975713285809978
-0.030852109084472272
-0.0041140421334692895
0.08441846462094982
-0.07942480846228712
0.0586759308275405
0.024439755998329697
0.06336179605783399
0.028145022513699776
0.0764847139509206
0.04237045924473178
0.0895627763852128
0.0942010098407392
0.011935754572121177
-0.02731010870777265
-0.03017406399831219
-0.027223284067155722
0.026407647310886156
0.0072197297494068615
0.01898937811395477
0.013992320886306997
0.04420787636260069
-0.006061955398155105
0.013074248896440552
0.005381596443766437
-0.00759387755794437
0.019137926366998025
-0.022362869726796984
0.05397013380463891
0.004302026830738909
0.0038131421361214937
-0.003411186290923668
-0.0021069592230344137
-0.009035097051305873
0.02560351019448398
-0.0255061510602686
0.012587379547712229
-0.04259523825626221
0.01129048845039282
-0.00736758397419764
-0.01873095982142146
-0.013465296822415856
0.07461769766701197
0.022462453678980813
0.0006361131333729378
-0.0035770957286089503
-0.01326155153272398
0.05043621814480727
0.0662872319083733
0.04881271971057795
-0.022258915334348612
0.06807032221173477
-0.031116061710047074
-0.02109009150865639
-0.006992517239698993
0.03756058223070301
0.05835541416858498
0.0645597036267405
0.031059033555986347
0.05226149322847974
0.04294221592042601
-0.041621821830268774
-0.018785550534570403
0.1009446120045823
-0.003090770163307036
0.0018065098896477886
-0.0111708207929591
0.043615300305692634
0.027605667142954902
0.021212995016207905
-0.023598283051829264
0.013407843546435415
0.024934206048877725
0.04457612916980414
-0.03450324918336227
-0.0005647378999888391
0.03662243392556266
0.018987329529647018
0.014126547133535589
-0.056184942240267106
0.02180827956705783
0.034003781825074436
0.03677707684750972
0.00938175098401897
-0.025780766634781065
-0.014042825359457525
0.05232501300005143
0.023181427736014584
-0.0004338217148216803
0.028994358366576514
0.040098651714591545
0.0022140756821669915
-0.011189344207638898
0.05882082515557388
0.036483534799950784
-0.009479575129827932
0.03731964754462748
0.01771201762199443
-0.009025860685276006
-0.01193251565380818
-0.007541183345873591
-0.010466320453660626
-0.037488240419690746
0.01789573349727086
0.06299615036447447
0.022532105764118977
-0.0048905433882297554
0.007097296791090702
-0.022075363722479615
0.020505916922238687
0.06291501476684785
0.019122737763382688
0.04506929074618055
0.007613563054887039