-0.4941464676620229
-0.14084123653285194
-0.4717276237824061
0.032670143550283075
-0.18370310068851875
0.4719695050413782
0.36723137086216084
0.06062511022382445
-0.18395446065724208
0.1072824254535205
0.02743698226481561
-0.11650162323465753
0.0012836682327023795
0.15904021547057284
0.5848642854711736
-0.18993660154532171
0.21361238732967375
-0.028508935995726816
0.20975398903073064
0.33517600361695105
-0.029206137135072387
0.23938406221415717
-0.2023262233573861
-0.14657484590840716
-0.013862263961512897
0.18256145987422512
0.16841007513335293
-0.3399728033601776
-0.010499982627375438
0.03444961942025798
0.1904372593091943
0.14088709188912424
0.17830640966106806
-0.16817302320091906
0.28428894944449845
0.15615032331731737
-0.192739208170835
-0.10265631387699814
-0.07283614734360323
-0.1834989867231301
0.17537228647952363
-0.16477392643878455
-0.2044896740634443
-0.0721515085482971
0.3872889787948854
-0.4750392349624462
0.15767220371477714
0.062114977563804255
-0.2242157508619282
0.037453353457134214
0.2730338641739327
0.12362391977253243
0.07104686064864321
-0.005857052266537983
0.046036934017484474
-0.04977764176269386
0.16518711975157727
-0.2260717976874663
-0.3383342573256357
-0.030498492917424423
-0.31764919178044504
0.15091308718448118
0.13119210596250844
0.11870983549488182
0.2161860813216746
-0.10741382944270433
-0.18924826339309606
-0.1993374426478667
0.14990500843249818
-0.08206052991796735
-0.13327419723536166
-0.060735626393427763
-0.15677311668600777
0.12746023304858836
-0.033435730423964534
0.22381709047773043
-0.15785830837105447
-0.07519705952862733
0.26954912306742085
-0.14796259101810563
0.22299748855019866
0.2903967605490062
-0.13534182189247573
0.3193784952793454
-0.3153868733401226
0.28387260591733626
0.012822235886307598
0.1642666561212186
-0.12445401173186836
-0.11500741943440063
0.2564469135982356
-0.20645959135917055
0.08953715128762894
-0.08461938023243275
-0.04745219879359378
-0.3143866637902663
-0.13911842567732682
-0.01685374659896385
0.027054214076688846
0.06625792407065308
0.5077777777537827
0.015337483745144553
-0.16301711361649834
-0.012384179561157872
-0.23142248760669673
0.020382708779325538
0.4782561388426119
0.02341232048498993
0.14520160255909834
-0.13429290913781122
-0.04030230509862949
0.031015385195643837
0.21763911845060238
0.5128321858155345
-0.060846341660623665
0.3732248634356573
-0.10612835899912373
0.27294455062194056
0.054989797690545426
-0.14873224725938536
0.13312529355969688
-0.2524324712239397
-0.3214981160345026
0.0023675785505170555
-0.11545043122491512
0.21495501693776253
-0.32163480835569247
-0.2454122519502242
0.5544586655065331
-0.3179042212070011
-0.1525937789982295
-0.04386344175285209
-0.07438218883857786
0.22635591503693417
-0.10356680059896659
-0.038928870002140466
-0.1891896961276681
-0.15322601396802446
-0.29611752239029293
-0.187121185963059
0.4304772797192883
0.1726984513054726
0.17201905791448902
-0.3297417970003747
0.11206678808747293
0.2042488794231104
-0.15622460307744937
0.23916655771001538
-0.16787693365840262
-0.19563035589581682
-0.14664916919264373
-0.14293064228781407
-0.14410252446872543
-0.1664826659725825
-0.21223281699577817
-0.052849693342012706
0.1620357403938578
0.13647581297126854
-0.1265519653093967
0.069724598035193
0.049998166219599224
0.3634672010860353
-0.5566365560914748
-0.41006421965259865
-0.13706931443847062
-0.25746313075741245
-0.0007570059849836125
-0.23828465048499883
-0.31766306028111496
-0.34158164570746014
-0.2335282940656548
-0.2511959909185996
-0.12068610142768023
-0.20870963344549742
-0.18373751586988124
-0.4704246076635142
-0.2219434146153107
0.08591030408132283
0.09917759544092934
-0.2994339506105163
-0.37163994302362857
-0.08305541614008569
-0.17569379117473666
-0.08756658818975985
0.00020811611310016728
-0.14819970685481956
-0.28366267793855965
-0.14044452740096727
-0.4962175606461267
-0.17727251830206675
-0.22470483271813058
-0.12975431704949053
-0.24888273125678523
-0.4041965010733076
-0.06533463168752404
-0.2655508797203668
-0.05490163050286689
0.32100684609233227
0.5356388805018856
0.5453122326385724
0.052690054516516156
0.0041295115608350605
0.1722482479520662
0.18243167517303854
0.0075020279205742346
0.03945446596843838
0.009974862480976236
0.016828425279075323
0.2532469922214937
0.22214424822428297
0.0017365188870472577
-0.16138463127267003
0.05680668860007805
-0.04170797140095891
0.026168851295543583
-0.11330049365337097
0.09223418568295022
-0.10562714712103329
-0.1253385818556948
0.2592440851653938
-0.1598981193122196
0.4034015246657464
-0.03377748305537948
0.03714200772072199
-0.04845922462949987
-0.0927901706562202
-0.10009361225313207
-0.1456693597116438
0.21618303870273048
0.19040249568809425
-0.017997229921655523
0.2134883537309055
0.31262551950768125
0.052468545722463206
-0.10824979587019722
-0.09687409864402761
-0.03867018768330366
0.10973648337005483
0.038357853482660374
0.21762877026881564
0.0595057992474915
0.12129017334525159
0.32100684609233227
0.5356388805018856
0.5453122326385724
0.052690054516516156
0.0041295115608350605
0.1722482479520662
0.18243167517303854
0.0075020279205742346
0.03945446596843838
0.009974862480976236
0.016828425279075323
0.2532469922214937
0.22214424822428297
0.0017365188870472577
-0.16138463127267003
0.05680668860007805
-0.04170797140095891
0.026168851295543583
-0.11330049365337097
0.09223418568295022
-0.10562714712103329
-0.1253385818556948
0.2592440851653938
-0.1598981193122196
0.4034015246657464
-0.03377748305537948
0.03714200772072199
-0.04845922462949987
-0.0927901706562202
-0.10009361225313207
-0.1456693597116438
0.21618303870273048
0.19040249568809425
-0.017997229921655523
0.2134883537309055
0.31262551950768125
0.052468545722463206
-0.10824979587019722
-0.09687409864402761
-0.03867018768330366
0.10973648337005483
0.038357853482660374
0.21762877026881564
0.0595057992474915
0.12129017334525159
-0.10087407483906449
-0.13392406444513474
0.13543447515187348
0.3227214715920685
0.1243471473016085
-0.07576872547127245
0.4584703401656324
0.31956173590176273
-0.02300241166547207
0.018060071326982223
-0.15074419594095645
0.032916649731577034
0.09047012234721087
0.1127585699386847
0.056164288943380776
0.39271403641827285
-0.08780689658868605
0.11799335175031544
-0.03012619083393974
0.369409805228303
0.06642297129423262
0.04266624966330116
-0.15616871798200435
-0.16288647049107438
-0.20050223749019705
0.1272922589025814
-0.019204948854477592
0.041016653580276514
0.1721562022832858
-0.31276364304063964
-0.06579614605366368
0.2615039106757778
0.07205821280590419
0.11285114553089734
0.07472586754377615
-0.04942670992117627
0.35945715074224144
0.24453345229458473
-0.026981407096831427
-0.19207091961154138
-0.2016674063773466
0.11136587573256974
0.20733893069859718
0.08761357554042923
-0.10008694548694377
0.22104120317639622
0.001609772677810228
0.3785454600708572
0.19342688150359966
-0.22338017136437696
-0.10445885459914461
0.3904423993877226
-0.13970481619239908
0.1797852359513974
0.27330673459162363
0.31861795304631196
0.2995859020601796
0.5810820130368077
-0.14971698673178718
-0.004057245699468127
0.1403951795072884
0.4749257493001433
-0.28313866245338243
0.3454618338455316
0.03172935087090201
0.22308529335947772
0.0982373648286257
0.32583264759040037
0.1586982716791423
0.4305468878264557
0.2564627847455192
0.10554503832813032
0.0606725558550486
-0.11196856707616594
0.3696620108770846
0.19083706951843366
0.004809631487374944
-0.12013907524364224
0.10125498035801776
0.013219450753000832
-0.08372469030640482
0.18649451931326308
-0.20454751283267494
0.08663419086156152
-0.08726933357250528
0.05506795667413421
0.06504141243984289
0.21243305798137566
0.04984073915590271
0.10956014490685996
0.002452437152675826
0.18831915661178295
-0.07787407162144043
-0.03056842154901722
-0.024607968879230238
-0.17876478761630085
0.0313177085411167
0.01351432791718987
-0.0619416648199797
-0.09221120544619596
0.15641422054935572
-0.002313716325585013
-0.37476690615134567
-0.03432182006965298
-0.018257345963868906
0.03180177391234868
0.1612681445315651
0.010849473007346008
0.06674629914658202
0.15959769638541552
-0.3068854527767326
-0.030630547225436452
-0.024681656981213204
0.12545056251980125
-0.006668215932381472
0.22804367221673807
-0.030715439327204053
0.006879029873106201
0.10039473950597351
-0.2961979948797166
-0.09101027563488594
0.10614107745466426
0.046322672577156644
0.08551455401588534
-0.1229844557967713
0.058362895579098635
-0.03647025295166052
0.2900870371578757
0.01954047589457073
-0.02368845309544275
0.35658517060318456
0.18226748814826224
-0.03873502210704386
-0.022904304439996772
0.32532274463411537
-0.029603524882399757
0.3657651215697176
-0.06975385606535338
0.09001343868901665
0.22590083297375316
0.21851979575620742
0.09200840511825328
-0.07879885677061264
0.005849326839521258
0.10892979023319542
0.22397913538860664
-0.09813518470333867
0.15353423117312304
0.10237272018864191
0.018835014096958244
-0.11838049825526666
0.3847352019392522
-0.032312427083090636
-0.3881303612401165
-0.061722677708158334
0.06258179245729578
-0.09627331559459541
0.038836527463912834
-0.1053250383589733
-0.018937298826942027
-0.29068242550735623
0.010724858806856384
0.02785719813917344
0.12591457953902865
0.12699359821380668
0.27967610769349893
-0.34406212556480825
-0.04525693507758502
0.32931584022087723
0.1212687774804728
0.213092734352626
-0.03683534702208219