0.3071753543778818
0.0028563768576783453
0.15468766434226675
0.2648073385501057
0.174748070722007
0.26332597802494756
0.4165134856876007
-0.18553546134718882
0.09976138231096579
0.4112906571045041
0.42971383058494733
0.44705582022467627
0.22447341912016208
0.19693362276776744
0.4921522846183158
0.477439130756655
-0.2539442593005242
0.15199026617833136
0.3310706420773134
0.28266530550073693
-0.07650948089548626
0.3140283622000732
0.05595528823226532
0.1151309023598296
0.2948823488910122
0.1423783903502216
-0.11697123527110816
0.5815668282157334
0.6253703714936989
0.38945747359871813
0.2797988870865819
0.4963858014309928
0.33139323008326077
0.13945522231351107
0.3950430660417672
-0.015472592612872468
0.11940281503397003
0.07960037764012087
0.518752153078372
0.22821745594524037
0.10099306518886868
-0.0010837825667658547
0.09404227487145922
0.1228348708581133
0.28795478828586163
0.1061282247767538
-0.030318135695059138
0.35805375109357046
-0.040447888639644
0.22481074929526879
0.09062604218490009
0.10638562553969243
0.3520368562994436
0.022187411552179664
0.23291448793406283
0.29902766800072156
0.006796780046774508
-0.3102247463640225
0.22449025989615135
-0.24687744637472445
0.2509081286259137
0.001943455430028988
-0.3648081644041558
-0.061619472764099285
0.13832524756909478
0.12330907375985342
0.4138820700865459
0.5640237735917698
0.5931360427238046
0.2142605487409632
0.4749646381074222
0.45996095918466856
0.3947871674923865
0.16989904172399947
0.40200944744294137
0.49208587323864034
-0.1752219031049423
0.4372188996542254
0.01009845214320548
0.2580549632117154
0.2559149167045247
0.3592204256458156
0.12954563726814272
0.47767143819304214
-0.06584643388908842
0.11370828729694117
0.2280580795157344
0.1539589250294803
-0.0874782116908651
-0.3283525537682658
-0.04114652780326338
-0.4626396447241593
0.06487469105378775
-0.4352589512018559
-0.09796687910353769
-0.06613306219875696
-0.33418609209049555
0.19307649627297152
0.34687563044156045
0.09412971423953186
-0.11566580997156387
-0.08376196049757043
0.35445071136300493
-0.07787146109692916
0.2624727931915881
-0.26407813786497414
-0.2339988759028029
0.41032316271648367
-0.14988342016050998
-0.2182297214178199
-0.29701772911369
0.278403934099212
0.25777928525510685
0.620807253380441
0.53752082305111
0.7629865159473933
0.10776843530016884
0.0004998618294095044
0.04379065716631739
0.7078428419159786
0.18196090115206057
0.3462416276212201
0.04497437319507262
0.44005919544194005
0.5062738050117067
0.3469665371242825
0.34731639949482107
-0.16179142050268688
-0.15502237264266816
0.24762604069143643
0.7172935684957996
0.3350027369950168
0.34873827638121263
0.282885391772222
0.5921830267847695
-0.17654984377395674
0.07892586238096662
-0.4088970606053051
0.13635181841295518
0.4585122079509414
0.46922856747462405
-0.04388469669392208
-0.14270025746878345
0.22820837660975177
0.07576980779330507
-0.155722130838603
-0.2966717343303362
-0.13395583200269842
-0.40514908553404116
-0.14772746293173444
0.21154114370139773
-0.1849189472405047
0.4318726616930198
0.0046998972749337925
-0.20190829769683954
0.2161008926410639
-0.010255699550933124
0.1483461622571575
-0.13217031731203116
0.09929550388701053
0.04198344274091618
-0.17094294692995102
-0.15839678478209532
0.4874239152741061
0.49513808131957265
0.2423526707264246
0.17080650427477756
0.45070225668660807
0.17476520599148043
0.4336169498345092
-0.14195884671755474
-0.27518618393322464
-0.04719226074877965
0.024402224486694175
-0.17377408448697335
-0.04178069255521253
0.06648006395689952
-0.07956082583124749
-0.008570363680406062
0.16242894046886977
0.03595108134038073
0.3270383390894293
0.10194452990659679
0.3844540545872824
0.11221482049718015
0.06367024677479682
-0.2220084770954959
0.16102902169928157
0.16213323879850675
-0.19897531523149953
-0.16686419979900222
0.4306120809079253
0.25502124196217774
-0.09453346840560851
-0.29122295353098737
-0.7195531354689488
0.0160409040753403
-0.12900513585978257
-0.17790051160037412
0.04849330710036436
0.03521981533778239
0.23182573897922282
-0.18454184228182138
0.21210091870602218
0.17283075241725132
0.501027774542441
-0.01280719362165647
0.09377807700856222
0.22395637337376617
0.1080659644076343
0.18789955026084756
0.07513502635156276
0.1062297950134726
-0.05795376681735101
0.2865686915717787
0.01128579051823787
-0.0737719458839742
0.3886067747592381
0.007430519690522211
0.15459040556342693
0.009982235616677914
-0.05955589399235409
-0.08172157666421062
0.5266894278721678
0.06659678510374592
0.2385969707279461
0.10320741511834669
0.29624444852389453
0.10615678144982749
0.5106707780195746
-0.1719503313884681
0.006363254234478819
-0.08218953830846602
-0.17070740765351494
-0.004631250277480948
0.19041532919034637
0.277787988268155
0.18319416181388662
0.1383070615482111
0.12652268480207265
-0.2357379821680185
0.1610058610844291
0.09524911382517745
0.08532974136924566
0.21558523714026495