0.3071753543778818
0.2648073385501057
0.26332597802494756
0.4165134856876007
0.4112906571045041
0.42971383058494733
0.44705582022467627
0.22447341912016208
0.19693362276776744
0.4921522846183158
0.477439130756655
-0.2539442593005242
0.3310706420773134
0.28266530550073693
0.3140283622000732
0.2948823488910122
0.5815668282157334
0.6253703714936989
0.38945747359871813
0.2797988870865819
0.4963858014309928
0.33139323008326077
0.3950430660417672
0.518752153078372
0.28795478828586163
0.35805375109357046
0.22481074929526879
0.3520368562994436
0.23291448793406283
0.29902766800072156
-0.3102247463640225
0.22449025989615135
-0.24687744637472445
0.2509081286259137
-0.3648081644041558
0.13832524756909478
0.4138820700865459
0.5640237735917698
0.5931360427238046
0.2142605487409632
0.4749646381074222
0.45996095918466856
0.3947871674923865
0.40200944744294137
0.49208587323864034
-0.1752219031049423
0.4372188996542254
0.2580549632117154
0.2559149167045247
0.3592204256458156
0.47767143819304214
0.2280580795157344
0.1539589250294803
-0.4626396447241593
-0.4352589512018559
-0.33418609209049555
0.34687563044156045
0.35445071136300493
-0.2339988759028029
0.41032316271648367
-0.29701772911369
0.278403934099212
0.25777928525510685
0.620807253380441
0.53752082305111
0.7629865159473933
0.7078428419159786
0.3462416276212201
0.44005919544194005
0.5062738050117067
0.3469665371242825
0.34731639949482107
0.7172935684957996
0.3350027369950168
0.34873827638121263
0.282885391772222
0.5921830267847695
-0.4088970606053051
0.4585122079509414
0.46922856747462405
0.4874239152741061
0.49513808131957265
0.2423526707264246
0.45070225668660807
0.17476520599148043
0.4336169498345092
-0.27518618393322464
-0.17377408448697335
0.3270383390894293
0.3844540545872824
-0.2220084770954959
0.4306120809079253
-0.29122295353098737
-0.7195531354689488
0.23182573897922282
-0.18454184228182138
0.501027774542441
0.18789955026084756
0.2865686915717787
0.3886067747592381
0.5266894278721678
0.2385969707279461
0.29624444852389453
0.5106707780195746
0.19041532919034637
0.277787988268155
0.18319416181388662