-0.007437875119649699
0.018977256385191387
0.021575004601472846
0.012134077670742024
0.026897641574696544
0.017490310842780465
0.0002898057065903295
0.01751284344230541
0.018643761772447982
0.019496264187834733
0.010807884278912381
0.0011336959648942195
0.02840947856898761
0.03397241369162312
0.0025870241900614144
0.010865046568267357
0.02463422050742782
0.024027072301830127
0.012962070873300889
0.0014385950272321158
0.01022968953437588
0.015161406118832236
0.007021705013060473
0.01935886502116191
0.009706067698477495
0.007323087730544009
0.0015882418687671158
0.016347740981266668
0.024171362573774297
0.039346087937198036
0.007437875119649702
0.0020578841908185552
0.00456747859006948
0.0081845588810638
0.038986802457542366
0.07426379299556286
0.10277634106875946
0.11395396024286913
0.16249711877879444
0.17283547145159806
0.17870716560866057
0.23344973673590522
0.2747527237857357
0.2850996203880354
0.3093951056676264
0.33680645685530597
0.35329337762111385
0.3803818259343569
0.3815544452901264
0.4032178618397761
0.4249877618097972
0.4319444092979099
0.44991093113878633
0.4534241534546567
0.4733500929388534
0.4959902672959359
0.47719604502426377
0.49239718046662734
0.4948922538443227
0.5055630017443448
0.5055373278966636
0.5091177319684913
0.5071549509554389
0.5131911863214693
0.5090334960759342
0.5228368981954185
0.521517570098799
0.5325689007736574
0.548247750573554
0.5190069782346438
0.54942778915152
0.5515083710185025
0.5443679131262411
0.5327924228729561
0.536550694222501
0.5366292311020127
0.546377755241842
0.5325019342300342
0.5289448375673411
0.5367292143154775
0.544683131397705
0.5493181443805741
0.5512724770049272
0.5483209832574224
0.5510533383229497
0.5630085248191222
0.5665096854265375
0.5521663269108583
0.568086156588608
0.5521676695172614
0.558490660985922
0.564318282672138
0.5572858765238095
0.5751976551865017
0.5721789513854629
0.5540319706214083
0.5659540005901055
0.5532836359344216
0.545231431736404
0.5513581407208914
0.52673997179626
0.5341439515175178
0.5215609510857926
0.5059816957693535
0.5030191624542888
0.5180769786733244
0.5168646670423667
0.503096429438198
0.5017620870595451
0.5125040165904754
0.4921875453619698
0.49464637504971876
0.4881548505617923
0.49542531563977094
0.505309022552411
0.4971753769027879
0.5054699062581575
0.48843250812568695
0.46365376289798205
0.4441618303660773
0.46072972187251376
0.43829640380424917
0.427091613988169
0.42722013035415923
0.43200228917900785
0.4326057629963581
0.4102132163787488
0.4082446440616431
0.4072550279037416
0.3981140914000331
0.3713589607448261
0.36185692464354385
0.3480927576371373
0.35499304745422927
0.3328878546866187
0.3161966993224331
0.311690151112936
0.29627452821978206
0.2971958340521398
0.2913944987132817
0.2808399528487914
0.26301829808408134
0.2709547451905466
0.26950716597264146
0.23785919263299432
0.2301674477845409
0.23342597607483775
0.22375753823658653
0.23688805514033318
0.21762535976395084
0.19929779657727337
0.1979348147531027
0.20533316242887928
0.19618042711052328
0.20420865216133263
0.17405389882789654
0.18662940648741935
0.18529753085459844
0.18338101779086224
0.17698674145625423
0.16743508258203738
0.15679750768782147
0.15429834418676616
0.1516351803587571
0.15109967511384398
0.13265067583619763
0.12369731253025147
0.1265386618194655
0.137308211999269
0.1195528635722486
0.1246812175733367
0.13314544616931193
0.10823071387638215
0.10517279041580152
0.11017310529830912
0.10303161164693145
0.06720550594216237
0.07909722475206071
0.06713919176836482
0.06048570433590962
0.06304026457529274