0.008391460579208355
0.005645163492495221
0.01690329778510012
0.004550163288683296
0.02005214769374489
0.010939836256451976
0.0010848675149372961
-0.005180314788236669
0.005357892147334073
0.012266110235804227
0.0041410175770627885
-0.007805728960291681
0.010405837928433075
-0.0010579843822263926
-0.007112527475683864
-0.013082861555440141
0.0011088525758505565
-0.006188567442517913
-0.010742921501580025
-0.005420199179988908
0.006002555696313091
-0.00498579244046094
-0.007460864559360383
0.0003901139824635038
-0.0005880034792158723
0.004361472849915098
-0.002074616904772511
0.0018150140571375443
-0.0019100257297959456
-0.004264459218024538
-0.008391460579208351
0.00434841433933685
0.02505873403226415
0.03355686121345519
0.06694725738199443
0.08740322989443135
0.1287111081026906
0.18105048505101085
0.2176102732198177
0.2528907673862319
0.2834162112871754
0.3220183731912576
0.3449329052166907
0.36705273800867544
0.38846377362405327
0.41039227791465477
0.425334291770293
0.4490202323615469
0.46059088256902947
0.46950497819549875
0.489177392868311
0.5029053832929562
0.5290811366580449
0.538433806337976
0.5451529069126989
0.5597856149279083
0.5765634152181783
0.5903965662119396
0.5747764993812747
0.5841881774989987
0.6019278194480469
0.608737354112589
0.6149625332777772
0.6164778696486259
0.6228053967858211
0.621675326479664
0.6334093249875825
0.6422961184948432
0.6342341613358906
0.6289021193004924
0.6387886934894681
0.6520564091879681
0.6502592130176731
0.6541131509450253
0.6638661864194185
0.6684879149518373
0.6772657612828914
0.6705675508348751
0.6780032160265033
0.6908766933696644
0.6774026343712377
0.6797282340631904
0.6887858536344738
0.6835399876092386
0.698092456750771
0.7056195092183246
0.6913554117223741
0.6857721162466912
0.7045982049941769
0.7017260285804933
0.7148397266470776
0.71962700996775
0.7293022681897422
0.7223762539439719
0.7238393683889925
0.7370276227302708
0.7364687059166868
0.7441149318255725
0.7298479115414588
0.7481460513476402
0.7395875837171931
0.7347717617606645
0.7251311636112456
0.7353145161490195
0.7229504322399619
0.7050792492425296
0.7087767608355988
0.6965291910498665
0.6903422761085009
0.6722847747666545
0.6740254819470367
0.6742700023787891
0.6594209945240146
0.6355263876692772
0.6260112294985896
0.6186939896884965
0.6044652335996419
0.6030911695192632
0.5861502187693279
0.5792734106644304
0.5636611262325651
0.5483108209171925
0.5447306139049519
0.5410286581194174
0.5345571158564628
0.5116921057495522
0.49575444835367494
0.5071410232835569
0.4960658266011591
0.4715368391054753
0.4658757349448077
0.4626769455772394
0.4417529880968559
0.4264954538121023
0.41957884023646924
0.40961531610772695
0.3805560621516439
0.39191622640349494
0.38013403560213577
0.3663653797511744
0.3529360039910855
0.3440661546825439
0.3354359955743814
0.32731042432913376
0.3227114805718885
0.31583806225147726
0.3088326426391368
0.30665327379507173
0.29462251886686064
0.28294861071119554
0.2600829941877885
0.25800208776666017
0.2593248762028785
0.2521930962290627
0.23841668723996456
0.23524548453943084
0.22605309823558162
0.21344205638989458
0.20367485740412533
0.20500934203514354
0.1917499732631031
0.18959756549093995
0.18455767269550577
0.16552056108639576
0.16826660482644773
0.16447896197349465
0.15272437410080295
0.15135222921294578
0.13722000660534583
0.12540638845688779
0.1275943128672836
0.1267241659656111
0.11649404101815271
0.11169354825367181
0.10714664155126963
0.09229576350220023
0.09022098354556288
0.08130572365709048
0.06432405461750608
0.07551286421588863
0.07452852161200317