0.12728298197364366
0.11972487102235735
0.11938169849515899
0.12202728375290085
0.1110535430422173
0.1299326170869483
0.12244238683768369
0.11187953702314547
0.10390008104235861
0.11483547002605682
0.1262073818576662
0.11460845870793585
0.11961593725276927
0.1032360568549352
0.08798337961086271
0.09823981399855149
0.0871638911218416
0.08500736610217803
0.10353970524296441
0.08020215499977922
0.07426870178002425
0.06714918554139569
0.06764940555970507
0.08410835989798512
0.07727262531731435
0.07406320596003906
0.07764465302534038
0.07810682217019348
0.08194367474792233
0.06717753295422385
0.07775923452736737
0.06285189195199037
0.05724949356237573
0.07237630528032823
0.08045742387301301
0.07602902588750553
0.06131338375400276
0.049306159267594615
0.052051956889296355
0.056456560663402794
0.06456218870289769
0.04241529489927271
0.048603762603477166
0.05711903883387421
0.03991959434870724
0.03930985362312762
0.022736537105190736
0.02567025048944933
0.03840130915055648
0.03573436305321993
0.032513953447569736
0.025434653495347452
0.032498397688707145
0.007716040716380142
0.021823246025467785
0.013118838553661713
0.013102773398264682
0.02256986489902892
0.02973408429353976
0.015125542757918779
0.006271394967186204
0.015059864191439227
0.022436105646181044
0.005894645102372895
-0.0005013691719555197
-0.005888945982488255
-0.01518464534202218
-0.011001239668628706
-0.005568080592552439
-0.008881340644379357
-0.01844498052227902
-0.008952730464399743
-0.00978368476395761
-0.030995211259216175
-0.026722999773153473
-0.030919936815896512
-0.04025101808216648
-0.03543528776227956
-0.028684042504502443
-0.01864652026642968
-0.03911438245558733
-0.03359561183483482
-0.0315493420984425
-0.04337268211431437
-0.04135892737889662
-0.05591380102420502
-0.045048831692213735
-0.06119248387133564
-0.06751078994584607
-0.05342900906972407
-0.0456345225060195
-0.06146202073638134
-0.059183203445382956
-0.049865908067515806
-0.04830115730334362
-0.05847539514212029
-0.06334664478534824
-0.0617438847254673
-0.06744319794419208
-0.06369591072673955
-0.06238385068443402
-0.060563591698631826
-0.06758290319138126
-0.05780409035192255
-0.0709824749938071
-0.06560958111803447
-0.0667676518395974
-0.0702842056286867
-0.07102051130062886
-0.08283987564495883
-0.07669491557546891
-0.07654340417302181
-0.06876167340656246
-0.07382682785648031
-0.07706617659369704
-0.07085436565162938
-0.07557887411480926
-0.07088146655914758
-0.055452525366735575
-0.06181240066826492
-0.06779844157431937
-0.0850477447563068
-0.06144516385253258
-0.07322959910546734
-0.07213741942832838
-0.049746593392745744
-0.059676038626947155
-0.07448026931631468
-0.06278190254221953
-0.04787682109238732
-0.06383450320339644
-0.06627581056163512
-0.060122382573271904
-0.0564366815466515
-0.051399130887346406
-0.04330968730980634
-0.06285643045984618
-0.04912076660495894
-0.04341905871916441
-0.04163646390803813
-0.03764667592546633
-0.04336815065849133
-0.03165746406210007
-0.034100368620386984
-0.037761618297344535
-0.03395163549299233
-0.03236842535156251
-0.032038410205370675
-0.01407584727623603
-0.020706918529344864
-0.020554285872716346