0.2659977238460052
0.057336985120841774
0.21130519851407784
0.06272174391300672
0.21194517214721945
0.17401390081639057
0.14357125582190672
0.07611683961019645
0.17784705641321186
0.13954188475805615
0.15323167435685506
0.34734561697082295
0.18489437825413224
0.08354430410991268
0.12638154173789418
0.05968229651134739
0.1336071082545623
0.09534952550198893
0.07900629250660612
0.16553369523531017
0.12939362729384854
0.11552680729452483
0.10178671269802793
0.3985260970655799
0.14367934694096637
0.1901622370673693
0.4064044691103448
0.05372777984561257
0.09608210738574463
0.16090891749305358
0.1860062796300719
0.2816552950481269
0.14160182742895408
0.1756461720999354
0.07635942215672933
0.08734405067486783
0.3141837735856347
0.14892986593291355
0.17823882937107258
0.1335754018104929
0.293840965109018
0.06910101478365255
0.1505754406469067
0.10964363858607604
0.05515472299927725
0.07534943565273303
0.1010500122951286
0.06526030818303138
0.08794361892818485
0.14128414816822957
0.06317890373273981
0.05802696546891959
0.07341288028892785
0.08019172256831326
0.1666205550598815
0.12240895051421677
0.1086406306273176
0.05428051060890457
0.09834772476662708
0.10255718926595175
0.0883407289356782
0.06555062104664429
0.034314154121082206
0.14364916027050406
0.06797188979891311
0.08686203203144212
0.04785613896723426
0.09698544027350525
0.09163868976848348
0.05609827404994018
0.11615495171902049
0.04453015069609768
0.056958301009421404
0.10701869691398404
0.08505282945424833
0.03622748851558673
0.07711153587570586
0.12043789963868937
0.0780478274061298
0.06369590442847546
0.04999175264504423
0.12236569179827836
0.12530544694060503
0.049930001155625466
0.07211655347957699
0.1066043983589626
0.045853500911247826
0.05289050691209429
0.0728084777478163
0.057540908233806094
0.04201008531237349
0.18024178917627695
0.13964727749342126
0.11261233705826135
0.03660131351776229
0.12044879111807674
0.050285061794573975
0.03446461654890895
0.06755042351741734
0.08007118971927303
0.04829886324787406
0.13285616444287424
0.01977062719521518
0.02794314746820122
0.07070649946278754
0.055553277082102455
-0.0017716664764952472
0.005283446023237652