0.198867263423249
0.006963172261078275
0.17765380932970543
0.07163433966415272
0.03409993221288711
0.06442080820554527
0.03340404093769705
0.059917179269886274
0.11820540646599473
0.029275245868589348
0.10182005858951983
0.06008825600784813
0.07126119355814851
0.049171318707865924
0.04687843387767468
0.02597038303362202
0.08107939031509484
0.04651522475054567
0.04141866884797473
0.03105592909165819
0.014827139409432023
0.04860498882337251
0.06890837399502768
0.07425745235064785
0.05236417753069832
0.0241719849420922
0.1564045544878483
0.039869073150203244
0.0726194372046819
0.06580702416120221
0.04057312647042856
0.1131203051446157
0.04809492140954977
0.0638142729625042
0.0396375984277545
0.043459119487430635
0.12307445001568917
0.0382917345240398
0.030143548086819523
0.04467673926092865
0.09102062492455489
0.0792813569861416
0.05486036121844312
0.032207889220037186
0.04357143277089902
0.03473116945848721
0.07260508580451165
0.040252045078360624
0.04137536818801717
0.05338796702996808
0.04415646049583094
0.044143918571110996
0.048653565302459074
0.05582289898831255
0.14759235293153167
0.05932935693992194
0.02112142745981347
0.037139230628366576
0.06808353217489195
0.04347593053396839
0.03969721149873667
0.02426942783943496
0.049150422584166166
0.016182693567110204
0.036975755478575005
0.05962448685891942
0.04427690093747721
0.048443812620355374
0.09671609460371078
0.04018023011074248
0.11048633096312255
0.05244156131517704
0.07121626626465638
0.047642533734329064
0.0441446789323063
0.02950260011216705
0.029100161310507543
0.04694070881512207
0.034929980674909926
0.039203343612656594
0.036975444890221226
0.037762229146401545
0.03127938717505733
0.027978618048711282
0.042581072747088625
0.03754308323612853
0.03393119780099781
0.03421522703675808
0.033384311052078515
0.06556011152124008
0.04738263261091291
0.1185004866169079
0.05305457379758446
0.014316745342421186
0.08484560485098591
0.01085272949313719
0.04360610783789841
0.059574557334962364
0.026564342798574576
0.027194696900880114
0.045032793779041715
0.022595710717076514
0.01454013903330972
0.04686538069074152
0.04606573517563047
0.021432380638714877
0.03274613310321013