0.15056830520605954
0.0403014701552968
0.09956566465366366
0.046306040124557364
-0.08423639069943074
0.15090704404026795
0.12932130927741173
0.023274616703321066
-0.033380372709051476
-0.09091239580761407
0.2390679235455633
0.048446213779427094
0.16551388258338132
0.17891537169928398
-0.3306300783452892
-0.08432256289612336
0.03653241820232541
0.0728364111916924
0.09631289338464336
0.04437168385775927
0.07035391815329187
0.44069996359791863
-0.019422732428281454
-0.3157306434939097
0.0899126832219139
0.11150672758886458
0.23437907472358455
0.18923457269348423
0.15226765555025898
0.11814741967718934
0.2668395674257609
0.13304511706255764
-0.13990975824881952
0.1370606107590503
-0.1611918877046119
0.0675284889883086
0.01618611927378213
0.06559494678439642
0.15083508409573618
0.2036489291233382
-0.04270512113350082
-0.11444151852911569
0.1539611570292668
0.14878200707695619
0.1530719702601826
-0.0275244946781376
0.21134030572877166
0.07101459310979273
0.16288373304413423
0.079267700551061
-0.0062158702296538715
-0.20718063200310052
-0.05827474626749019
0.1550907175276103
0.19524040040038823
-0.12657143405128288
-0.09270609026778652
-0.09717039224959834
-0.08191127185813102
-0.07213042668282382
0.32711556622359206
0.14159603257427428
0.0799044023245102
0.05832365113270823
0.1379462014094028
0.1702973022631121
0.029794511833580443
0.12807107072444227
-0.06300326007577108
-0.04271653870292891
-0.05101712064691471
-0.01278198704086239
0.09661466167181555
-0.006101514906865739
-0.04631695880715545
0.027458120616562092
-0.08683111098772138
-0.135415258359418
-0.09697767404625375
-0.06260850535226074
-0.07496640270969623
-0.07123413696970464
-0.1080330688264707
-0.025990727197319066
0.1541491595750133
0.054674312192051065
0.030533538543388503
0.09609311734387525
0.15889540406709987
-0.011144938925990989
0.1125621948424176
-0.1855765484615346
0.1973174590428419
0.010298650910816873
-0.0690467155214921
0.06535310168195643
0.170030803763531
-0.06300435931363839
-0.24228160691047385
-0.061088792882384314
0.02217656626684824
0.04283422613024137
-0.12166901529500924
-0.06839403203027243
-0.04168785865054681
0.016877022922653015
-0.012608943660305908
0.1271203756987887
-0.017221962998352876
0.09255679102954133
0.10521441245975657
-0.14207547518118813
0.24275616913691053
-0.03068739393722771
-0.14440723439137243
-0.06377876684505483
-0.21628735662363305
0.07822348264630341
0.06663991161794088
0.028559345023567075
-0.08212745858305577
-0.3083446095379518
-0.08480701962767752
0.06368124176541966
-0.008738322389238199