0.018846027321928985
0.018489884339608142
0.018973104311822853
0.019660454977339915
0.01882521811084878
0.01904901171544081
0.016698536405812866
0.016920613321621977
0.017390329686436473
0.017015786020435675
0.01566241735269671
0.015516799402942401
0.016618649219703133
0.01640371296277196
0.014873755267866618
0.015651864154214906
0.015160743353812388
0.014734948433799184
0.014546568013925384
0.01675562179947618
0.014386569534948357
0.013772302104620125
0.013066019257456662
0.01210246903470543
0.013320752663650131
0.014575565345725525
0.013525098888435371
0.013799288143518733
0.01339989105791859
0.013492234445187766
0.013733538566510987
0.012123962973840136
0.014094897703633239
0.014400038167773348
0.012581262945716197
0.012810176024550677
0.01384009511120657
0.010864678705479797
0.012916564483111634
0.012192680767117908
0.014082324709026194
0.012889541118062951
0.011653058486269182
0.012060192331429569
0.009617884117181062
0.011689910410696986
0.010750160449635674
0.0108608867860717
0.011347260441412177
0.011479513917108948
0.011946169040323588
0.011579146491194008
0.011498583960544031
0.011727638504953402
0.011554608096646806
0.011649100568947
0.011793517396246928
0.011295758248126583
0.013359389138587021
0.012922113836745568
0.009944313640594026
0.009571474772593467
0.010306751664963268
0.010410041748614873
0.012091319955484497
0.011430440455065787
0.012442189861380109
0.011096771400001261
0.012037978299075379
0.012158160943039438
0.011143113109388899
0.012670450864634687
0.012182746411963047
0.01102544570580005
0.011925580950404304
0.011507739402113306
0.010984850450494637
0.01098089994445685
0.010958708554024301
0.012838737401997926
0.012746300151826524
0.012825190209836199
0.012775635125652269
0.01209639138193004
0.012793315368167154
0.009680996365976646
0.010667277975915013
0.010095159963030054
0.010982858661901629
0.012363176603520152
0.0123095791505163
0.012395779944548463
0.011598339992719824
0.0130754354912582
0.01166514044532405
0.011955772246784251
0.012583186597409481
0.0124432364515966
0.012916625175088191
0.013073679415300472
0.012897479230527122
0.013101298034974214
0.011425926550502136
0.010984941006172519
0.010973763159247503
0.011207004246575327
0.01212353486204175
0.013672993914215278
0.012643354569803582
0.012627518472963166
0.012878424763897996
0.012409530403763507
0.012008085323938092
0.011603017571977882
0.013211702102825225
0.012380272128042548
0.013545088487476925
0.0139456803062409
0.013215503965141569
0.011873502157251078
0.013105693061085246
0.012690121535578103
0.01224196376058947
0.012263629052724606
0.012187431528726528
0.013318904599035489
0.013734610725411106
0.013176660926893975
0.013961188219981036
0.013737051580253077
0.011494832871770706
0.013779034048050814
0.01317622861948245
0.012265324730653055
0.013222511455670521
0.013596951817783663
0.013562101825997593
0.013182768487677026
0.013664733171937676
0.01492650476508054
0.0159351524495074
0.014209650673257891
0.015154531477854437
0.014361323884839128
0.014182359348285416
0.015412130557978508
0.014782953912341013
0.01583766759994167
0.015348920434763645
0.016009620338195578
0.01685145016763066