0.004478963463304471
0.005607635877253518
0.006320939746929146
0.006171295917437112
0.00514983722135854
0.005448886142203735
0.004979843075681791
0.0045665654165821445
0.005436097450564925
0.005536579265845867
0.004225725028347899
0.004933766554372318
0.00461695201271704
0.004510716019412026
0.004185464403677061
0.003979454986493805
0.004304965888673108
0.0045596842822797435
0.003907596283270046
0.0037700910823736796
0.0038373958345701716
0.004421139265673594
0.0045347507247032294
0.004719354628006389
0.0036337772911253447
0.0038706717324772954
0.003966810087698409
0.004959161648850582
0.005150584472379449
0.004301234409492187
0.004478963463304471
0.005802459329750064
0.004356423011840357
0.006106458195039248
0.0074796397349666055
0.010523687667324614
0.013079420370332284
0.01597777783191342
0.019219827610519196
0.022131532663090443
0.023596179022058426
0.025143461690710897
0.027115008767990625
0.029027588928617693
0.029592672996741464
0.030202929831237953
0.03140560735542558
0.03239944623656529
0.03315241242987024
0.034254456952751304
0.03477160051519213
0.034567784024441627
0.03549167473800783
0.03572933438202492
0.03612984690644254
0.036493362628050564
0.03716930493801407
0.03760915249854865
0.037740259843570344
0.03762932085609318
0.038726904324533795
0.039915206599876685
0.03958342380525319
0.03952950158022586
0.039899387926799014
0.04029370576631065
0.0410363580209515
0.04091700770363807
0.04200846946217762
0.04154506181594038
0.04062925102609285
0.04175570709345012
0.04194401486131655
0.04187860414694407
0.04195860274243491
0.04242552955010245
0.04189241143334463
0.042003371503763653
0.041459358948286125
0.041505562409042504
0.04153645481614589
0.04204819123638891
0.04170778428652217
0.042531972659174
0.04268274455536936
0.04250279573525107
0.04258327529619119
0.04308410292178858
0.043482366404853465
0.043109511275003926
0.04365571964194085
0.04279184224283786
0.04281080152867921
0.041721907388641906
0.04112152147609799
0.04034129927422424
0.04020075001546956
0.03976202068514633
0.03871260307955493
0.038541837261840864
0.038403818890566675
0.03792430505602547
0.03693889908755008
0.036584452870196904
0.03630527611512697
0.03604746563236239
0.03590655668566496
0.03532035156366232
0.03490478436494917
0.03464906055936622
0.03554304570686076
0.03594774244560117
0.03488614829992328
0.034228167422466496
0.0340994854095321
0.03425985743167655
0.034651724687559685
0.03417694771705786
0.03386785911601392
0.0334029935256356
0.03331353896354205
0.03308703747125848
0.032575422564638475
0.03303564201019967
0.03312455083500899
0.030556216612674127
0.03067045547617057
0.03231767622283246
0.03327260863152608
0.03115502469235372
0.031723121645774746
0.03057177865321118
0.029449692006084598
0.029482893276487777
0.029424770754948218
0.028538659707178952
0.027612973795267597
0.02767004053900656
0.0275928561804571
0.026853243081004386
0.027239261758474832
0.026885232037082298
0.02569810345043228
0.026383632570880042
0.026301876999746607
0.02443159635864016
0.025086477985374563
0.024391659154001898
0.023975713277329648
0.022762787713408294
0.022718798069787282
0.02260454018455751
0.022644048252614464
0.022316822413118134
0.021717835554184797
0.022189009713825408
0.02112073124239118
0.020714893557193352
0.01922475112821254
0.01961666598888966
0.019549000235221645
0.01922740114764192
0.019014054612633474
0.01989955122260553
0.018797298637828346
0.018180285682423157
0.017567726785016023
0.01703090508171332
0.0167494439803213
0.01679626275168597
0.016361453244641742
0.01747983438595867
0.015951176630777573
0.015452172235336722
0.016113669072553946
0.015655134417652202
0.015459952519652464
0.015815654419544436
0.01401654586056955
0.014580928608544952
0.014230717481179073