0.00966361361545097
0.015794373439291777
0.014831046886018842
0.013448613531146443
0.01629389246691535
0.020321157516165318
0.010604885835336357
0.01405836346125962
0.011143596481154414
0.012090181815510649
0.012856918487480806
0.011084960325865442
0.011313046682342814
0.012844193830299142
0.013686320314558572
0.012509696249513168
0.014670064485295871
0.011488267384243253
0.008182747409735326
0.013267776638012055
0.013742591058789637
0.01486918972249104
0.012040979575277132
0.013682148989122298
0.016194527007924724
0.012841812240467319
0.01127904243343978
0.015139271670808724
0.014057018421747463
0.01321243148074701
0.00966361361545097
0.014956133595865726
0.016258017540229763
0.011508249699020598
0.018023169112519735
0.025721278375885975
0.025925776281973803
0.027187454207143722
0.03151789424278088
0.037766622664862304
0.039502464331124566
0.04174429307196634
0.04427838673945254
0.04375102525679972
0.04639259208024972
0.04494698284317916
0.04604213276989113
0.04722680234371368
0.04922530326407851
0.05027606049476814
0.05087241802519722
0.04947206751677839
0.050847650345808494
0.05247984152961386
0.047992787984996156
0.04882867110873423
0.04632723238597725
0.04536296365289452
0.04604925663066823
0.04735540722943715
0.04440856444926681
0.04302982207525184
0.04542115912059738
0.04736322943067071
0.04832993332953603
0.04735184727078394
0.048977942782908464
0.047145682664020576
0.04705640679384358
0.044628111793275575
0.04678067477633249
0.04663116429002342
0.045792882170980355
0.0473200387679203
0.048074870239673356
0.045955988624669944
0.047410519092933534
0.048323723644932474
0.04484483275140035
0.04066525948244789
0.04559132540479541
0.04620188703893309
0.04799369090251105
0.04598465322685433
0.04687580460372736
0.04525974413210571
0.043261405495982314
0.042945435988230946
0.041884551197541954
0.047562663427515826
0.05199644939898718
0.04840894877497838
0.0508207504814912
0.045864009764479796
0.04411151311848513
0.04182512909660948
0.04325667587633854
0.0414960909300451
0.04114707163675881
0.041271831467613686
0.041371296926488645
0.03826267705845562
0.03883334200272531
0.03933023611467702
0.03467561994508464
0.034883896991381697
0.03696453477525041
0.039897225759327366
0.03565982624552567
0.03781019416255068
0.04121318286629465
0.038464257505513536
0.03864152200531125
0.0392321863975605
0.04179333240748163
0.04293356666144132
0.04406833192229206
0.042884863595610716
0.04395537197597529
0.041075158715337214
0.04539634279835248
0.04285544376545817
0.043275140181316986
0.04274918580082274
0.042353962116277614
0.04203643950617738
0.04322984547329918
0.04401598261674359
0.043130052494272354
0.045652888037548044
0.04030726770394584
0.0451474478731666
0.044783021838878154
0.04591054890040873
0.04859789194812229
0.04473260846097006
0.04624435388463685
0.048238707321014825
0.04960448895958691
0.04936935092381552
0.044801989663023345
0.045391828003798824
0.04579634060011322
0.04797434678892515
0.04718712674898847
0.04489379552158644
0.044323920610171104
0.04815560414845255
0.048567791009992124
0.047598199728777345
0.05057350286949731
0.048038713984873374
0.044455176869849816
0.04512019767725915
0.0419523851834356
0.044766030174963556
0.04459632895927946
0.04639310209677364
0.04464876780773908
0.04571888733290717
0.04278628811614395
0.046817234255986884
0.046959390750286885
0.044657513705362195
0.045030583919423085
0.04133423668345452
0.045189957228154505
0.04396086741295287
0.04429257550053524
0.04218014052708393
0.04338633399026195
0.04332686439025844
0.04681859082943439
0.04315593609470701
0.0424307517061443
0.04418627843636727
0.04239216742212436
0.046389701093654825
0.04626927448924331
0.045263996031726865
0.046481047105730366