0.009010006976502937
0.011079923980183039
0.010972688352344294
0.012414889954953445
0.012662181492533146
0.008754846434526982
0.008316476927573558
0.008914053297235575
0.009786973322150004
0.009113870936090835
0.009610486408372325
0.006916754326867509
0.008031692327013897
0.00803231943128998
0.007827494823676364
0.007410279577445027
0.007183226435166381
0.006914336593568756
0.008266560033745941
0.006778053152727561
0.008064453722222533
0.006605432978003907
0.007204461445370333
0.008555482496522234
0.006352811997556314
0.008497300748751392
0.0072140329185244574
0.00783223568693414
0.009019295774592248
0.007817380487972357
0.009010006976502937
0.008665914698941622
0.01147000656025399
0.011759646059760175
0.011073646514613782
0.012431972999591697
0.01638302459412953
0.01990751965777289
0.022420548033222108
0.023759667922415073
0.023953837417274956
0.02720905907549496
0.02769447234794029
0.02968877205904017
0.032406876214936875
0.03234278379779719
0.032592277229860515
0.034084015795359766
0.03416326425352567
0.03633834259498906
0.03780782918257973
0.03861895950072897
0.036462289339675116
0.03679933006256769
0.039166662788998975
0.03915069861876014
0.03703567754949786
0.038560508720000664
0.03754073400889349
0.03882716323277204
0.03797706486674393
0.03768835597680008
0.03580399053384261
0.03873364753271321
0.03881172171033633
0.03621748793264883
0.03609043988585524
0.03559647836386293
0.036638730533102244
0.036182276155920484
0.035987880856485764
0.03561617982739179
0.03548999497384408
0.036301209300760105
0.03520826299490369
0.036252368188149475
0.036296843916234216
0.035421117444018435
0.03604726836335961
0.0345140978809681
0.03426311518804608
0.035091707749137085
0.034009287620214095
0.03380135579924047
0.03213085511744699
0.03248901591635164
0.033295938195118155
0.0333146392114716
0.03563740086333395
0.034090959587845505
0.032086955809316475
0.03185769724498515
0.03157424929850716
0.031779204944787136
0.03128756511955266
0.030846739513409813
0.031197321068704303
0.030789472222994822
0.03198170783541786
0.029792174292121245
0.030673292891176367
0.03002045948641584
0.028960142651029905
0.028038934993065055
0.029254984366504172
0.02951683508427373
0.03142204490208224
0.030211641485509894
0.0324849840192989
0.03209201223732031
0.032330457708463836
0.03259925316811729
0.0333516863731427
0.0348969710001445
0.03515654367989593
0.0329009414059436
0.03356476668219372
0.035521778610287116
0.03468750602495531
0.03536423595546468
0.03600758008090107
0.03542095259373664
0.0352555106606261
0.03327351574908022
0.03475616485791611
0.03566306248273647
0.03535766758103885
0.035590896016989344
0.03496466247721902
0.035632434247260515
0.03762984654535097
0.0359108477993327
0.036648761758843046
0.03701216451011916
0.0389207200054141
0.03614177583121279
0.03689325082089555
0.03638850532731609
0.04017802351673202
0.038853699504069555
0.038447558635833975
0.037220070685916144
0.037768522623375954
0.037350283450183465
0.03843405035175864
0.03824280570362217
0.037613382136976424
0.03654595536522933
0.038421213860810544
0.03737463004270817
0.038054830020046365
0.03722726614570636
0.03693719332358452
0.0382041288508839
0.03858016068788071
0.0405604563698391
0.03763676294621816
0.03645881733777839
0.03692314028765851
0.038104760044363355
0.03915726236036999
0.03685571067985064
0.038947198953011825
0.037918560143098586
0.035895079993776044
0.03956889408788547
0.0384784681444388
0.03595739227630005
0.03669560579302441
0.03886487575379408
0.03732921621692066
0.03576436750117549
0.03418636785310332
0.03512357875286666
0.035157847002441386
0.035921102054056936
0.03477372764196708
0.038411107849094156
0.03700960259067177
0.03736560242452798
0.03700799960692342