0.003387624631506045
0.004786136279581659
0.003981796270969273
0.005231753461356664
0.004142503907819326
0.003523821324257632
0.003879552158013384
0.0034360036000909526
0.0033377453326645014
0.0030337264449050243
0.002724793526341613
0.003363891140797979
0.0027206998030420617
0.002756538425223841
0.003715268756639157
0.003390319809655708
0.0031175947223452943
0.0028646871302179795
0.003255953974486093
0.0025334195719482846
0.002546740486394207
0.0028993363718779856
0.003353490240695601
0.002763532150880377
0.0037684689107538223
0.003702191333822937
0.0032386418807380055
0.003985784900781077
0.004260257289625674
0.0041693703591184185
0.003387624631506045
0.0034767742591669815
0.0039574449735353895
0.004706517855909093
0.006722223436760288
0.00856412685615992
0.011331690000503464
0.014253083271841868
0.016956649421248707
0.01930245192390062
0.020744344749859735
0.022582209967220223
0.023993661521198813
0.025043551460195282
0.025673119054554164
0.026803091636136832
0.02775900920233165
0.02858828619564471
0.02943163727705994
0.029843192060915995
0.03041307607684451
0.030785683422808015
0.030883545545475278
0.03154296364200415
0.03198053845358352
0.03194421209222995
0.03285707869061514
0.03338808647578393
0.03369418976420399
0.03369361389070783
0.03406271945382146
0.03429174412224864
0.03462258180420343
0.03485813680066272
0.03497538183565609
0.034522859041618295
0.03548185300147794
0.03539376828013764
0.035821484928787874
0.035925361890235166
0.035581472590706056
0.03605056460521402
0.036194626028270956
0.035927504635375425
0.036221564455786996
0.03624208960593661
0.03599103490976984
0.03617068587514583
0.03617390193598448
0.036793484886076
0.036881856846184606
0.03621448880759402
0.037043248920548624
0.036808667612051614
0.03728923300121801
0.037535630063957874
0.036858708466242056
0.03813362866311717
0.037921995837057305
0.037931809075602785
0.03809884130707877
0.03762756357381011
0.038186057434886296
0.037860434193681805
0.03779327212275643
0.037089798602279275
0.03648964407908507
0.0366230064164411
0.03601561861259999
0.03491988712726762
0.03489314491528392
0.03408482553959891
0.03378711304101568
0.033691300130528345
0.03270285297728728
0.032488594356749126
0.03224654804178035
0.031977648432835744
0.03167080632267556
0.030778144898412515
0.031336425409180586
0.03103446661789083
0.030132885394808906
0.030057864379116155
0.02991293693673121
0.029418411418207755
0.0292505211943045
0.02857952634403054
0.027890698724067405
0.028089602798667346
0.02818946057514279
0.027592558301071626
0.027618377623076375
0.026911206378721193
0.026820323899703267
0.025548278671299954
0.02602390768171715
0.025952129678311637
0.025926826982008357
0.02567185408141359
0.02463693639744312
0.024507062461292473
0.02398921218695866
0.02406091567899625
0.023499902030155003
0.02371255681263666
0.02332617106792579
0.022948598817486923
0.022913512414797912
0.022112738400800726
0.02197901542895258
0.022281385069878413
0.022101764935590917
0.021798807090859566
0.021723662192975036
0.020630561077965286
0.020518998279897876
0.020217676508093783
0.020526710492722776
0.019649122644325088
0.019354481465655993
0.0188673215880643
0.019356196498125852
0.019027557208400846
0.018795502943094573
0.018781525514994575
0.018418847391364443
0.017896403359045746
0.017333691587179702
0.016544367186800593
0.016431049927366888
0.01623070921087309
0.01584626140107859
0.01592497335433819
0.01506983862993105
0.014956402218378795
0.0152519778979117
0.015331649018170714
0.014062596330127946
0.014231719419866269
0.014366333849233076
0.013694019065592557
0.01352514880959363
0.012919450466128485
0.013053400789762725
0.012420238304751195
0.012207991836300476
0.012310439787517273
0.011569626982426284
0.011803417035023975
0.012468701509737674