0.40453918033059755
0.2790892987770996
0.5454964511260465
0.8607050579500435
0.8730674580774073
0.8385650087739753
0.4629144441889905
2.6106784090746995
0.7669333454456367
2.6553882216432916
1.3359560118961105
1.2910972865016939
1.0557286012979379
0.7013960792588988
1.0813799462791571
1.9262210691609754
2.168464340490566
12.458044709844026
0.718651643671165
0.8712484049194171
0.6914130069358302
0.5922911134601634
2.6938671185482117
1.1759018827610777
1.2210796562161692
0.7139816008250386
1.3681662871022935
1.6713912772892485
1.374775275007446
0.8806641856736872
0.7388873623217505
0.5904646882437657
1.1155804773553566
1.6095173154533549
1.408099131524619
2.616965071830573
1.5654869805010714
2.1458284042139297
1.1618739499854158
0.6742923643479578
0.9816710302703062
0.6595257468405484
1.6522902568891316
1.3272965750931724
1.7418338300218854
5.1540387871373146*^10
1.9364575715657029
1.371107504845738
0.8291497647647408
1.0397633001390103
0.4421950506147597
0.8173401374676249
0.9009622770381371
1.7156872065692201
1.7097966179182413
1.066926181263182
0.8658451909175569
0.9489640362727825
1.9111122848349775
1.0974864359158258
1.245916523099587
1.776424137591347
1.0369782074147593
2.0054739929933563
-13.409539888315482
1.695151867189016
0.9383694854474458
3.6458193759452615
0.5624062458391383
8.486600527368177
1.1247158627969926
2.1850475045740048
0.5980210516531461
0.7341523106751046
0.9567840876484929
0.7774457336244106
1.2945095892446479
2.1127055191876085
0.7185811601563136
1.4262372649648423
0.5715831727438875
0.6925672361834804
0.7274721866857744
17.94826410895001
1.1083579828171246
-3.4312353574969094
1.3845480276629074
0.717542235843263
0.6733890447802141
0.941206990949412
0.45552915210967204
0.373309305455837
0.548739214843688
0.823550819944213
0.9403805281737041
0.8417742286957101
0.5736666655952303
0.9946708874330755
0.6459630241273205
1.047872895904544
-0.9657635335207898
0.8190480845405019
0.7573047219624293
0.5385490540433103
0.5890814886518378
1.1046267736964948
1.0862566306395345
0.6444658779710917
0.8034243125977043
0.8763238690899497
0.702213112189597
0.4482749938587656
0.43976782321500396
2.491644534635373
1.4730749777306402
1.2740767024790287
0.45626986904890393
0.8447199994420946
1.9831293306326097
0.5815928454428227
1.0952028626010706
0.7264313020337727
1.0981205351141579
0.9240911181533377
4.118332477433129
0.5804211992886688
0.8981390053418039
1.324209533545788
1.0914412821923154
0.6387748391532077
0.1721965517406869
1.3933582243856388
1.1176324304463674
0.8666893478155875
1.0741859240198197
0.7775027050494572
1.1584010258879367
0.7679187701807278
0.30055091287539987
0.939220551260085
1.771937792321699
0.9450953216163728
0.766983736813333
1.649320840028263
1.2033099315111457
0.7415784707850984
0.8726477796769431
1.0947172018348186
0.880005609695767
1.732988371324646
0.7487159257842383
0.3841957766197053
2.426077670945767
1.468553747406936
0.803635708255116
1.6987432037753052
1.279145523218591
2.0931912504131702
1.6322589923858062
0.7558325363041105
1.3602230566974685
1.8414630458235823
1.5272892073858653
1.1199163509127272
1.7820052846951036
0.8314370655544115
1.154857671451728
1.325397010626392
1.0364543676025317
0.7542051434669377
1.2876658391513425
2.867763670236284
5.247532135060492
-1.2564603719190064
1.4314126590883942
9.061129880860074
-3.328296381896869
-5.193239697924648
-0.8247242760292248
1.9675445604639448
1.4722300687723444
1.2843226554262388