0.5979479423362708
0.2814147589222545
0.6445809601533895
0.9284785694208743
0.7819154403386002
0.8828621796608065
0.49580163082192263
3.81627175045174
0.7141785624723248
15.324542914727951
1.2860246130962822
1.363296443924136
3.7707396074963873
0.6461099236495552
0.9765413906617225
21.33851074623037
2.7189366824277146
151.52280078396217
0.8702650577738871
1.096969805884292
0.7583967834579307
0.6537267494636644
18.239056840067974
1.2009191771293908
1.5590774098946056
0.7454587371312462
1.4957645231688679
52.79263417479172
17.23752408303418
1.1237590796724497
0.9892371056215297
1.075679247949323
1.1215918092542452
15.67189624313017
1.637023225244577
2.6302407852285867
2.2031950893700105
2.2547420321649954
1.3158998419367613
0.9053744673539361
1.3619698809002383
0.7187048418959507
2.113977243849097
1.9685126734590062
1.8187520658086875
1.5289377395299717*^13
2.3032695361351023
1.6163558603349666
1.029254278148986
1.4310955841259472
0.7771183286575004
0.9642124031115231
1.1776716943497159
210.40850129052268
1.8653053139412716
1.2014859852823399
1.1660341215954884
1.1532080881393645
2.390885063613633
1.2533768429013037
1.501671418468997
1.9945575936199726
1.136725387717047
7.414156074600461
305.9227274835089
2.365989763301172
1.0050220292219791
74.5450058695459
1.0538832842541181
126.19618923315068
1.7075734102964946
6.7429065370344015
0.5855780446663525
0.8308647024444056
1.0980578770688545
0.9622247319396453
1.3456585938876724
2.095722245763034
0.7335826639715639
1.3932017761546112
0.6093134819516542
0.8910299643747491
0.6933132080491973
89.86757200337182
4.099282351574726
68.75730909348098
1.4048900298548457
0.8657120892016192
0.7543272711536917
0.9410630288298043
0.6336849523331424
0.4108732501749788
0.5542414846734843
0.9459740376757075
1.0486750167973922
0.8885511417247198
0.6142553294593434
1.0139898397426503
0.7890502372864483
1.1470701097832872
24.09218686628282
0.8533772976264227
0.8450564180182799
0.6322979165042278
0.6548910584397857
1.3434570885080293
1.1282210115356537
0.8087966403555641
0.9146969341881565
1.0182895083681578
0.6560676072959353
0.4845130712160506
0.5498203824779725
8.672728340192398
1.643925913783383
1.496146500185876
0.3987242199682285
0.8885079070810699
2.192249960862818
0.4583084266992333
1.7845602035986519
0.6782625517741842
1.440073680396151
1.8660028403158844
21.142199510839728
0.7323104185049861
1.0697751846218735
1.5291481674411571
31.885668760927054
0.8373999592153851
3.826832800951718
1.6532922731600252
1.1722378130785838
1.0023811366854591
1.323263703682556
0.8728639435680042
1.25707786816085
1.0243810658125072
0.35115095377548944
1.004331843528709
2.2995930864105816
1.128267590757656
1.1558104084932888
2.105082116482503
1.8987386384252687
0.8512408336899459
1.398969342753353
1.5453572158127669
1.2716469182725956
2.3474942278614472
0.9622461398234848
0.5778419560597874
17.608796284262738
2.3032301841691374
0.8381486743791955
1.6733098754269418
1.5667236988309958
3.0720763600547123
2.1998889254466123
1.008723154288063
1.4835964505793444
2.5637312558113754
1.83493913484692
1.2671866537239616
1.9408816287166326
1.3079521077594831
1.73263944872608
2.4203840605441327
1.3731442948109711
1.0010377718236305
21.81904504154098
53.847797456140086
50.546182670376254
145.0078935489865
77.49533751400477
353.76404784386995
180.64947288514637
147.1250367907641
78.06073866991788
2.772114816251495
468.998424522556
1.5775296387563043