0.2871814732888983
0.10706791568010833
0.030448727584930908
-0.01841899567598749
2.6936020975020964
0.1965846076013236
-1.9121051462827667
-0.49091529204892864
-0.9630086564520381
-1.818688175081851
-1.1723033034034709
2.060371940865424
6.675083811782084
1.5733697388674281
-0.2088543968405723
-0.4084520491526896
-0.4263930139894998
-0.7083649122878469
0.5431930071032187
0.8335459682819573
-0.8933277253280736
-0.1565902189186032
-1.270111569493566
-1.023069792528216
-0.43075256683591523
0.5598250976949657
-1.2458124909271384
-0.7906610272181267
0.9814344069102787
1.031931639089342
1.8447655211288774
-1.7204982983659836
0.24104925977855446
1.3932064429165325
0.062162957903199895
-0.14378238109780866
-0.5153901600333022
0.2732115516611046
0.7247357882964924
0.9527076418821688
-0.0024765679766169616
0.16556159810171558
0.18269829198151466
0.37377501762693033
-0.2184787160731114
0.31703439806461164
-0.10716790108326854
0.3434201674093293
-0.12474637529917068
0.6865108054698416
0.41877517936754555
-0.24702295996967352
0.31078157934713013
-0.3231491124960925
0.26761851450463736
0.9291509174503185
-0.29260119558898595
0.017618200928439555
0.33340967629382084
1.0191679308035808
-0.6197346934976692
0.06509944939370742
-0.06466304083698468
-0.3402708251609845
-0.16065828241904337
-0.42995254795669685
0.15743110270874403
0.3882603428465983
0.6338631256096496
-0.08290952218192787
0.19122475792328633
-0.4417207148231347
-0.15131446439981658
-0.04321330077907049
0.08330503081759388
0.35530608566958277
0.158462702850411
0.02091819965527041
0.28400586186484733
-0.21558397700606952
0.4622314679913727
0.46840091978731174
0.07479352322591654
-0.05288707862297378
0.659774424546111
0.577317472659124
0.4680743432558143
0.6432909146796782
0.5870764978960978
-0.492442500789847
-0.16076377904825195
0.34021473219986514
-0.5399366556549592
-0.34699167280619336
-0.7191877663741945
0.1406885237501758
-0.27524947073171047
0.1630496083859085
1.2906206445061947
0.25067803839561564
-0.041678500632759255
-0.09837827754398644
-0.1800362640002041
-0.31870279525547124
0.28358374428466
-0.1707382720552131
0.03700204571402658