0.28181360122084376
0.25727875954970575
0.20735426358665313
0.324917249889369
0.2773968549427229
0.2681147912159373
0.2584350064207465
0.1626201389407114
0.31389106068404954
0.22185203747808888
-0.13190094062090701
0.2217374358141416
-0.17511805261401864
0.15591993023731526
-0.2179050676914611
-0.11755259236295534
-0.23605852773533428
-0.22455734061276547
-0.252965652913781
-0.12276746532876737
-0.1397790441074127
-0.17762502416162895
0.18700350221439282
0.1857266885091632
0.2039466848224861
0.2750426246052041
0.19315256498172342
0.16989595017719808
0.19256778756142254
0.4008627339689694