0.11356008141179438
0.18581570310296724
0.16905174810606546
0.12410118704028433
0.4872744920983346
0.08742583424359363
0.45004201797927895
0.09710506605249954
0.07862025432268041
0.12811396475703912
0.04079920729938313
0.3112029050552503
0.052049938232688074
0.2432099307162428
0.1717709308839251
0.03743351800073023
0.10845265540317708
0.08515272600850142
0.12397378573906158
0.10618631523965558
0.2267940229400006
0.44453825400707014
0.00786330404168892
0.048586603842172615
0.1023631155688224
0.22304010858243664
0.041163831042542454
0.2359122854652562
0.048965001210735354
0.1946315508918095
0.13204053402183294
0.0675245951466833
0.12177320469999359
0.2033620775561973
0.020456569285280064
0.058452907022382275
0.03838189228801063
0.14969042353797932
0.15116178627607282
0.12607285675029659
0.05512910103062816
0.0718867437938352
0.0733625834153697
0.04431856964775225
0.06907659515160715
0.08460886786421733
0.4037700155975646
0.11320801847335105
1
0.01663925087748251
0.11738965472944898
0.05878727258477612
0.10366581099172531
0.33720531487932404
0.1085224170739808
0.07457347177014376
0.41287130311488895
0.19903827957836137
0.43857771230140546
0.1034858578943266
0.062381200835586896
0.10155867274165765
0.07134942840206852
0.7245418399908244
0.5270127401861389
0.2195443003222359
0.21758109939057993
0.20097439515919466
0.2841146023808942
0.1977420689690066
0.05862593569815167
0.3450179528503938
0.13099037491424192
0.1960258318182814
0.20454280510868653
0.10685027554756268
0.2742090432513413
0.48905932520940515
0.14767960577493358
0.1465395972314806
0.12269983185904729
0.05811889774029219