0.3071753543778818
0.0028563768576783453
0.15468766434226675
0.2648073385501057
0.174748070722007
0.26332597802494756
0.4165134856876007
-0.18553546134718882
0.09976138231096579
0.4112906571045041
0.44705582022467627
0.22447341912016208
0.4921522846183158
0.477439130756655
0.15199026617833136
-0.07650948089548626
0.05595528823226532
0.1423783903502216
0.4963858014309928
0.3950430660417672
-0.015472592612872468
0.11940281503397003
0.518752153078372
0.22821745594524037
0.10099306518886868
0.09404227487145922
0.1228348708581133
0.28795478828586163
0.1061282247767538
-0.040447888639644
0.09062604218490009
0.10638562553969243
0.022187411552179664
0.006796780046774508
0.22449025989615135
-0.24687744637472445
0.2509081286259137
0.001943455430028988
-0.3648081644041558
-0.061619472764099285
0.12330907375985342
0.2142605487409632
0.4749646381074222
0.45996095918466856
0.3947871674923865
0.16989904172399947
0.40200944744294137
0.49208587323864034
-0.1752219031049423
0.4372188996542254
0.01009845214320548
0.2580549632117154
0.2559149167045247
0.47767143819304214
-0.06584643388908842
0.11370828729694117
0.2280580795157344
0.1539589250294803
-0.0874782116908651
-0.3283525537682658
-0.04114652780326338
-0.4626396447241593
-0.4352589512018559
-0.09796687910353769
-0.06613306219875696
-0.33418609209049555
0.34687563044156045
0.09412971423953186
-0.11566580997156387
-0.08376196049757043
-0.07787146109692916
0.2624727931915881
-0.26407813786497414
-0.2339988759028029
0.41032316271648367
-0.14988342016050998
-0.2182297214178199
-0.29701772911369
0.278403934099212
0.25777928525510685
0.10776843530016884
0.0004998618294095044
0.04379065716631739
0.18196090115206057
0.44005919544194005
0.34731639949482107
-0.16179142050268688
-0.15502237264266816
0.24762604069143643
0.7172935684957996
0.282885391772222
0.5921830267847695
-0.17654984377395674
0.07892586238096662
-0.4088970606053051
0.13635181841295518
0.46922856747462405
-0.04388469669392208
-0.14270025746878345
0.22820837660975177
0.07576980779330507
-0.155722130838603
-0.2966717343303362
0.21154114370139773
-0.20190829769683954
0.2161008926410639
0.1483461622571575
-0.17094294692995102
0.4874239152741061
0.2423526707264246
0.17080650427477756
0.45070225668660807
-0.14195884671755474
-0.27518618393322464
-0.04719226074877965
0.024402224486694175
-0.17377408448697335
-0.008570363680406062
0.16242894046886977
0.3270383390894293
0.10194452990659679
0.3844540545872824
0.06367024677479682
-0.2220084770954959
0.16213323879850675
-0.19897531523149953
-0.16686419979900222
0.4306120809079253
0.25502124196217774
-0.09453346840560851
-0.29122295353098737
-0.7195531354689488
0.0160409040753403
-0.12900513585978257
-0.17790051160037412
0.04849330710036436
0.03521981533778239
-0.18454184228182138
0.21210091870602218
-0.01280719362165647
0.22395637337376617
0.1080659644076343
0.18789955026084756
0.07513502635156276
0.1062297950134726
-0.05795376681735101
0.2865686915717787
0.01128579051823787
-0.0737719458839742
0.007430519690522211
0.15459040556342693
0.009982235616677914
-0.05955589399235409
-0.08172157666421062
0.5266894278721678
0.06659678510374592
0.10320741511834669
0.10615678144982749
0.5106707780195746
-0.1719503313884681
0.006363254234478819
-0.08218953830846602
-0.17070740765351494
-0.004631250277480948
0.277787988268155
0.18319416181388662
0.1383070615482111
0.12652268480207265
-0.2357379821680185
0.1610058610844291
0.09524911382517745
0.08532974136924566
0.21804036037288319
0.24824883219056035
0.17230689227619517
-0.13364616703138046
0.1555609859593855
-0.04456853599281127
0.4279225061848678
0.1523988103068942
-0.1427516709978003
0.04937791744206295
0.23958984717608114
0.28384126872380255
0.13341631932790854
0.05241259238901412
0.4120939664836251
-0.04886789539801073
0.5150168044777483
0.31955736712574206
0.2248376669695355
0.2325917599627684
0.021384550044770998
0.1393469095802394
0.40082789844308636
0.032548098311499324
0.48929390827354635
0.3291706211705664
0.06994815840896595
0.4850603213701458
0.21677836765217182
0.16686023268717948
0.052030254660931696
0.3591046125564741
0.08760053373056671
0.21826903331372424
0.5195982419165718
-0.08423184636209527
-0.02929709933147535
0.29204855182342443
0.32113023381764955
-0.2689380095461593
-0.07158582807927776
0.20184755127695364
0.2090223173567875
0.2028805354191211
0.023731221933721264
-0.07047244494653053
0.4413757340098869