0.036469187599303204
0.0339972241509346
0.03861626327308825
0.03787455708380313
0.035757904232727115
0.03403833990166091
0.0243324335110409
0.04000570452079643
0.01758552531900202
0.02582068321171725
0.026042076670997998
0.023678254110963217
0.029609212771635186
0.02873196034742768
0.01905147002195873
0.00902672036607847
0.013866340136591004
0.006962627128945394
-0.009225159460175167
-0.0050715747659033205
0.005311858491555474
-0.021747981014608928
-0.02258926839438515
-0.0016152169046593583
-0.013865685074152588
-0.021876382380013114
-0.03598176240220775
-0.015204963291688432
-0.012541056222633146
-0.02827321201931795
-0.036469187599303204
-0.026254907101784814
-0.0022577326067603877
0.011263505293180293
0.03293005534100175
0.06927517661876194
0.10608706130442123
0.12548197855555007
0.1763684330221115
0.19232106935620435
0.21409041520681396
0.27129866554804444
0.2935139727292035
0.31815345247650834
0.334680954843711
0.35177364588959154
0.3665761304230047
0.399010520331302
0.4195265168331366
0.4182553924761337
0.4506736073665618
0.4517119050963882
0.4616732047975235
0.48032247863846944
0.49851930687217955
0.49606890405654247
0.5260348961850934
0.5418748744162688
0.5653072079813461
0.5523781073086166
0.5570351331590252
0.5712112329058723
0.5940666142677029
0.5871137780404575
0.5986289276573463
0.6140518558583958
0.6250266077982732
0.6353809274339117
0.636220876401416
0.628753059730224
0.6125038385631559
0.6211461936154564
0.6251121911367613
0.6511503501325192
0.6514952780664431
0.6414442185891515
0.623481573476343
0.6435089514533613
0.6534003363652835
0.6429100988107449
0.6398907169076131
0.6530033479265726
0.6536250579429423
0.6723260463625638
0.6640836667647799
0.6535827116310577
0.6773314803550304
0.6715586620368553
0.6670104963521534
0.6678848281617267
0.675897931940167
0.6924992126279361
0.6700673403907912
0.6845781444063895
0.6689924428829791
0.660101162428165
0.6591617457250678
0.6607461350853279
0.6659021941878763
0.6717639604021604
0.6423028920438303
0.6436922327891739
0.6441710322402974
0.6326524141775847
0.6378012309453569
0.6264460125628233
0.6422586824962566
0.6239259080232108
0.6297184948103335
0.6050855408745062
0.5898525250295844
0.5719268950263439
0.572665119191701
0.5765042646339452
0.555348010965631
0.5588599011230058
0.5410824645298967
0.5408872533815289
0.5338349509791754
0.5259217922714076
0.5065269681626217
0.5012901704246518
0.4973249584798805
0.47819704004618424
0.4715832917685062
0.4678283922256133
0.47324250330289747
0.45101061561567524
0.42927561707604506
0.4222817289866911
0.4176670519805218
0.4062404826477286
0.40359211340586987
0.386801043123598
0.3916131722240999
0.3868406139471559
0.3651656884844306
0.35132631495612526
0.36663186999688985
0.3450819783910108
0.3436293657775409
0.3363545479260116
0.3302095132393452
0.3359025988368286
0.3151497777475433
0.3078334147058252
0.2831612245853184
0.28302753893912946
0.2729156131051563
0.27144154271068927
0.27778959987754137
0.2539535235447001
0.2569465554218249
0.25317945629248795
0.26695953976339803
0.2562371015331945
0.22684325211980325
0.23989739469173343
0.23485476869484267
0.21419480475028801
0.22053091773017985
0.227032594566913
0.20831913297647395
0.19999750541237965
0.1917225581136678
0.19154118492021213
0.18839584557191133
0.172997230487288
0.1766650949264659
0.18477725460932956
0.17564989219843513
0.18743794532556737
0.17725675272703162
0.1508130398010528
0.17156679115634427
0.17780847722226062
0.18395331039506135
0.17114559423656867
0.17898840380515643
0.16563630332045892
0.1471611992212804