0.023421067833807888
0.017631776355786718
0.017411553176834977
0.014411595321770875
0.015196162538583167
0.013854942498346696
0.010004978518192908
0.007512383493181905
0.010487171974169639
0.008557910221168877
0.007407848944293608
0.0014556928288009905
0.0017123567140213281
0.00009548552826322445
-0.0035930745944219144
-0.006092062638408399
-0.004800524456479062
-0.006034277069843543
-0.007723854450420394
-0.010857795802479387
-0.014841968316590104
-0.014753180716880218
-0.01744040528782119
-0.016145675976988457
-0.021413018718265557
-0.01870457076474784
-0.020638799565920716
-0.020415762258423103
-0.02073158921938145
-0.025479289430330725
-0.023421067833807888
-0.021765163675095095
-0.021352419847797593
-0.004680655141470532
0.018006017494394705
0.03907098046664602
0.06500397338252326
0.09156214840425891
0.11608548464623307
0.13638306968264527
0.15892736733996274
0.1819130094352734
0.2033426423727009
0.22624689813091983
0.24302128361033762
0.26199255620034817
0.27899155025697175
0.29897092273211945
0.314875847312801
0.3278732755678071
0.34579085539808296
0.36098434610735686
0.37524114288642224
0.3877242475423081
0.3997727327236292
0.413346831626747
0.42737797963907065
0.4364847482468884
0.44658359247486545
0.4578530898107018
0.4659521681322825
0.47515972728636846
0.4870716282877488
0.49308702865356935
0.5026937121676532
0.5063142069725531
0.5177333891106065
0.5244299616166038
0.5325462838229491
0.5405523559601688
0.5475689428384167
0.552389823841239
0.5550189269594453
0.5597732577569908
0.5679618814735603
0.569403360781193
0.5739563615729161
0.5802665337037072
0.5813610714157474
0.5864312157803202
0.5914013259478605
0.5922633101812527
0.5940426378395623
0.6012446201136966
0.6088320829938472
0.6100235168217106
0.6111332167900264
0.6190602086398197
0.6191416553092066
0.6160280945757267
0.625845764753729
0.6232272494886867
0.6241907615354721
0.6255927901851815
0.6261819507051797
0.622011811224047
0.6191049281954725
0.6149427446157587
0.6107257059994786
0.6051901523961751
0.5957256111086248
0.589082598375402
0.5845502339826162
0.5794968501680661
0.5698278398929146
0.5640590733054264
0.5568024983931765
0.5522433761882778
0.5446894231361775
0.5311050075674788
0.5291162996241728
0.5206773397321175
0.5109943114999187
0.503769459662998
0.49672186516085814
0.4895670983137543
0.4766621562655076
0.4676118219525331
0.4587407062353221
0.45133134687331117
0.4430377621467818
0.4344184246172184
0.428055774873027
0.42078446329178837
0.4115107855069332
0.40117197157419837
0.3933201978400016
0.38382509352997757
0.37388317847013747
0.3666206569808117
0.36206950203050964
0.35313920611502303
0.3449680549581366
0.3377662530633048
0.33088148113127297
0.32382532507109413
0.3170586673002066
0.30798731618217623
0.2996170961154159
0.28905124704244844
0.28601458192226736
0.27937679303128937
0.2727489885640518
0.26736091910910836
0.26182996895356747
0.24954524086851912
0.24765156226400686
0.23905843105090832
0.2337648246624518
0.2254749083395008
0.21994410208667292
0.21473098346889796
0.20640822920944504
0.20206984255827348
0.19614663638947102
0.19291430102592566
0.18467509876721322
0.17970602226057725
0.17570550629584136
0.1723164524792845
0.16786197386487833
0.1631957746584811
0.15879380429850287
0.15435618552734465
0.1478825226235124
0.14657042864416958
0.14434984970606857
0.13725101740013484
0.1349565211673334
0.1292210857647963
0.12694441869345247
0.12478285368708388
0.11865586086513626
0.11510757143663844
0.10984538240526308
0.10653463593882694
0.10197789739830107
0.09928518997116496
0.09755626087137385
0.09221731588067131
0.09158082273701965