-0.016694181736722793
0.015980702525403973
0.014526053462730504
0.0059650609834314
0.02606528595162323
0.02408168639259515
0.005520473643116279
0.02210652188708311
0.021485201330717053
0.026223220109650214
0.010626634044264156
0.008083113151163345
0.031004606446336326
0.03422053250668891
0.006293339831558127
0.018704771428024663
0.02984747776772888
0.025947524417716996
0.01914031895756881
0.006530878585786591
0.020465511446666293
0.034084003922698815
0.01965580669776435
0.03460443813412757
0.015413594946448998
0.0019913420350865995
0.0033400518334913885
0.018081506051319234
0.035539104329373045
0.05487836228630034
0.016694181736722803
0.011832904696623976
0.01017515552015719
0.01438938306198103
0.04810288999995739
0.07451150301141357
0.1108801334346652
0.12112203951867286
0.170700746437998
0.1828560722073652
0.1927207868618352
0.2498044094670858
0.2904945676866496
0.29088035276677726
0.3159256903207329
0.34775841500513244
0.35986926895005467
0.38014450840605546
0.3788810557628135
0.40986887875498984
0.42154609016614325
0.4281062712093408
0.4533124768081363
0.44308736990751607
0.46098470433591276
0.4804611516482305
0.46886056527525916
0.48435367079516817
0.47777250607055344
0.48510075620585247
0.49522843893630947
0.5062618005490973
0.4949105930968901
0.5007020641056916
0.4984937691701493
0.5162402106427858
0.5173533666283107
0.5144882347342774
0.5431022672521804
0.5083848899653806
0.537008038136693
0.5435633919640497
0.5339969412997951
0.5169258693177288
0.5228966331587496
0.5274369832607039
0.5277858861202352
0.513044680333896
0.51545833389723
0.5271936315813929
0.5268395966667175
0.5239209564887161
0.522166154090674
0.5288404248547963
0.5303367026607984
0.5386174345731215
0.5452358761337769
0.5383397853476539
0.5494678354788164
0.5290142916951625
0.5428673898023918
0.5432225112106692
0.5318942792874867
0.5514738182262896
0.5528486574344942
0.5264258710567206
0.5433626439313615
0.5267088918508084
0.5201012133025864
0.5207332063356591
0.4934372711051363
0.5029855397409648
0.49251077541251764
0.4755209830132852
0.4738868648327142
0.4879788443462344
0.4684638384985973
0.4643161892607831
0.4572492386170269
0.47283965098179964
0.44909430336374195
0.44728718573156284
0.4442210733929671
0.4520362769674653
0.45803954563229105
0.44470364478529917
0.4570603396823035
0.44405861917409006
0.43890458431915635
0.41285133412213004
0.42750206004429897
0.3976410879438829
0.3947280383344625
0.39622865043139555
0.3991306342798915
0.401433128914641
0.37550020201560025
0.3758549717237579
0.37810254665366394
0.37039089054815144
0.3436161308247628
0.32897205292200693
0.3145961838950932
0.3335967230828112
0.31325251648872465
0.28623719499232064
0.27594839717735736
0.26690131100714326
0.2666468808524242
0.2721661993336239
0.25876491754829867
0.23173018138764848
0.24610262889424311
0.24861069761940555
0.2095853848414841
0.20068354687046389
0.19861303299184743
0.1984922222146724
0.20757897038943782
0.1897296892382852
0.1693854787859411
0.1720588725495512
0.17422169283189742
0.17134222626942258
0.1846096683374661
0.1459106436338532
0.15988019206440604
0.16048808118823574
0.15736468309418397
0.14101404471759657
0.13848231879134712
0.13344913608673573
0.1288551948508344
0.12366842360313243
0.1287326941444295
0.11518041609768821
0.11300662147889289
0.10388398101237903
0.11283426148301785
0.10077119549641406
0.09912785600434722
0.11542726803685895
0.09719650044670322
0.09581955937265903
0.10543228887968763
0.1040551938549125
0.05885779711836977
0.0712065497413031
0.05208653786272558
0.05581537908462193
0.05211760982872689