0.1064573032045852
0.09575043952903264
0.10118970214242828
0.10188378303022856
0.09354883169207727
0.104072895401583
0.09546419537511339
0.09331676270148347
0.07926630531923243
0.09398847384578425
0.11179143915366865
0.09772702484937038
0.10247648514831469
0.09033736048889639
0.06761244873297363
0.08809939380345924
0.07615248391811029
0.0666633936427876
0.09272990892859984
0.0671487456052221
0.058938651172563625
0.04633870195368841
0.05682138183236727
0.0750300965442567
0.06348589285165562
0.05906103592573064
0.06522402787371238
0.06576090847355158
0.0720598193102762
0.06260577703262478
0.07274251980499087
0.05817553038911079
0.047736426376267384
0.0671698012424396
0.08168323268880258
0.07021255238519405
0.057632168559548676
0.041045280538296966
0.04512471647350171
0.04475638531174113
0.059978918250348554
0.03779194829639003
0.05082161835687655
0.05569962275470615
0.03528640625158873
0.03768906079712347
0.023260100940563966
0.025199261882787226
0.034478536070420784
0.02696782331409607
0.02689712842902831
0.02215661900652726
0.032510391608906335
0.00023836185769588508
0.019267026322132445
0.008692159559883804
0.01375941018675953
0.020730497975417674
0.028902884766293952
0.02072142194123169
0.007039678329534748
0.010146434228952143
0.02076650471718651
0.00807365236994679
0.0059649290998120275
0.0013608965951259248
-0.01796216593635778
-0.015312156984160075
0.0008678042653202046
0.005075852658112342
-0.01583531472080115
-0.004327667240171577
-0.0007334172440232798
-0.024274110352171356
-0.02198449036905886
-0.024936739099132212
-0.03170073183096845
-0.03561480194651114
-0.028356144673227703
-0.012394702734229712
-0.034665480991147184
-0.02366026053507355
-0.02354395837218484
-0.03999135102842435
-0.0329307028134707
-0.05150163412790443
-0.03559419553828924
-0.054344613632042287
-0.06342288442332276
-0.042615499715721546
-0.03851118930036243
-0.06391892565377193
-0.05326680038098358
-0.04123436229766768
-0.03818745602251432
-0.056198495186794754
-0.05706233525504456
-0.05071964555335059
-0.06228107509268415
-0.057201092154188435
-0.05452452522595102
-0.05469960989265352
-0.06928162590073994
-0.05319960940107055
-0.0685174092807166
-0.06290150928499375
-0.06828550751539575
-0.06656079234378916
-0.06443545458814896
-0.07371600697223774
-0.06700179556809946
-0.07132519629399994
-0.061410412008958914
-0.06954781389993883
-0.0744051225022407
-0.06472235381214848
-0.0769997354563455
-0.05845337563037339
-0.05188113193018719
-0.05461089464774741
-0.0642411213587099
-0.08071120117882587
-0.06305892338934259
-0.06694825652107689
-0.059902763224615255
-0.03380319282697231
-0.050695376291988746
-0.06864441681005515
-0.051853921757884225
-0.04202511285407869
-0.05205595031892364
-0.04960356411057866
-0.04903063000634983
-0.038803826643060396
-0.04508883283723224
-0.03060586623029169
-0.04967965053473103
-0.04200521056115508
-0.03129203744022766
-0.025059024854256772
-0.026054934270418013
-0.037819204049037165
-0.021915456230517643
-0.025646238231160953
-0.02327300105167477
-0.025107349807753247
-0.02507972954270285
-0.019902183064480085
-0.006178772667657889
-0.016992409783969233
-0.013784792274820892