0.025759423173054356
0.009126807717158505
0.03738044410858042
0.05141423428000857
0.033263989985269866
0.02688598660058911
0.029403100258289024
0.026169191383845113
0.023361113695738997
0.007092860651247518
0.014090116320097245
0.030998037484703714
0.024709248571314745
0.013118449370814043
0.010359525481204626
0.010375938015681293
-0.0032934929236332093
-0.009754701608216492
-0.007344548564033608
-0.005662670031748314
0.0006067736538483639
-0.00568185539842775
-0.01532432755898823
0.0047223521922633155
-0.02848111957469847
-0.004988745881499873
-0.046677680687092174
-0.018083588451210848
-0.005903949880133197
-0.02450850973011623
-0.025759423173054363
-0.027960750917334628
-0.016120062946804473
0.005774714369409121
0.036395730252631146
0.05606347474854135
0.05856781086635596
0.09889024138712862
0.13069815042815233
0.17269365030048425
0.1931254075982874
0.2221307045834646
0.25183461125769924
0.27022584893627943
0.284965287436751
0.3103656743259865
0.3155177182707277
0.33081462249668775
0.3483608600910913
0.37510638230064386
0.3702928511845226
0.3904378378242957
0.4152956748692671
0.43158033539154744
0.43551364398383335
0.4341782526576828
0.4592561167092079
0.4930050419207888
0.4729917011829716
0.4735270968652146
0.47678565998509526
0.4937080280754771
0.504470043377871
0.5122535355650896
0.4935715010360609
0.48891469185507713
0.524524137041919
0.5298357236519432
0.5294428041713839
0.5331178035759463
0.5105387623739668
0.5562966179823393
0.5381651006300917
0.548762486429143
0.5546541253067063
0.5286410702969234
0.5594990519409765
0.5597673427426322
0.5627669055233697
0.5485513119169688
0.5321890043835344
0.5612019062214706
0.5613249777905427
0.5705485563016945
0.5693692219469797
0.5406237273261733
0.5653865560089769
0.5604745848315266
0.5588345886759761
0.5778414264364481
0.5830978703895815
0.5956575224379504
0.5766496922257964
0.5840139657601883
0.5870292187332334
0.6098605816952487
0.6230470949202194
0.614972232469549
0.6167546168805835
0.5923123159043668
0.6216557276135619
0.6099197407487168
0.5994922054422609
0.5995488381047521
0.5911648031658299
0.568981838148766
0.5731285405796186
0.5757431346135564
0.5564272765827225
0.5401925040361673
0.5395982983428063
0.536384133412893
0.5256830813687462
0.524208454752403
0.527315763155364
0.5151635409771844
0.51066463269664
0.5056116336495678
0.47624329710964003
0.46499254297334536
0.47183139814311825
0.46626131364352247
0.4464331479090187
0.4558009569483708
0.45439738429498727
0.4440840211144796
0.4144279221270719
0.41376401647089905
0.4087345993664892
0.4075652967888967
0.39621756701481375
0.38607234921830275
0.3768711554625533
0.35008801381745486
0.3522926005444878
0.3279776207959596
0.32005077704571727
0.31081450242303155
0.3030556029874597
0.2648701613744516
0.27287803723448356
0.27500716679624054
0.2733583830130596
0.24799487641279955
0.22306880877195895
0.22910229816550742
0.23801331556566208
0.23989343741077737
0.22583525030734006
0.2071785771866023
0.20800105814402442
0.2037507564648657
0.19349025934317457
0.15412303780127468
0.1925859496827526
0.1956494204928202
0.1828099633854736
0.15690264042392
0.15817772786300072
0.16493363035205444
0.16810747506317666
0.1466991774072287
0.14858866965152281
0.1304593702934099
0.12718736242608028
0.11337790826467592
0.11818408827420011
0.10159374281167476
0.10558506902376495
0.11291680274662211
0.09578922929175385
0.077522834929379
0.09845980197462177
0.09617582712853283
0.05773552336356687
0.06706914047080323
0.06281607092798663
0.046011136479611206
0.052961769373337096
0.06644003328960563
0.052423574611994636