0.03848011223596642
0.03011787819545674
0.032303389657151585
0.03316265805670581
0.030914686727248213
0.026936774823673248
0.026850207815447273
0.035039547138933584
0.012385341112396458
0.021950222165956917
0.027223652848576807
0.016334791749441083
0.024592221952704333
0.020142161742734335
0.014642852963590603
0.009671710274722968
0.00800166338655389
0.002590725440455488
-0.014056616217998408
-0.007032318192270162
-0.0040088374339131965
-0.018786186930398928
-0.023359294190098148
-0.007132261592288207
-0.016334894183246174
-0.028143028734169847
-0.037580511262719565
-0.021559567939909277
-0.019031698043052808
-0.031463351172136986
-0.03848011223596642
-0.032907990693522134
-0.012626858242030794
0.005820850801096986
0.035955677127854774
0.06426186277196562
0.09140234307401844
0.10842275038123955
0.15545442758574293
0.17544740095949976
0.20278825661850655
0.24958095653421994
0.27065794699953255
0.30025834486383296
0.31711444940874006
0.3440912325275602
0.3588364729870197
0.38622693618164966
0.4074115379029461
0.41878299708978706
0.44890736668908743
0.45427741679296274
0.4612780686969802
0.47550255197506475
0.4908562408564818
0.4915998832443658
0.5223277071524354
0.5370707418562544
0.5469431758844819
0.5541277856984075
0.5585567111077909
0.5611276465201508
0.5905188670312728
0.5823104361873896
0.6006069184243916
0.6100106729611358
0.6149230153380003
0.6237704455724806
0.632883349014269
0.6213123960131441
0.6139643030883304
0.6281906115287488
0.6287711913965508
0.6528137027563996
0.6533231685375074
0.6461372187447486
0.6356067160186009
0.6534921242084761
0.6622603442194335
0.654451760289478
0.6468153767086025
0.6575279714332702
0.6630973358263742
0.6842428690369173
0.6771267144199543
0.6687207656851335
0.6839558884291036
0.6842450178406109
0.6769319433472837
0.6796977528345064
0.6911058197537043
0.6981084825469077
0.6886900404417837
0.7010601682471364
0.6893398699115298
0.6858254153982216
0.6970160623056095
0.6930242689416095
0.687234567123942
0.6898630910338056
0.6684603488119494
0.6706724422275263
0.6683708128996261
0.6613461440862327
0.6628621741787505
0.6533814295987249
0.6656755425119261
0.6470306787535524
0.6577764932248934
0.6337520930331745
0.6224708765138197
0.6013107451129803
0.6054968139094297
0.6101464332695379
0.5929055852311966
0.5865704924204669
0.5758412755085575
0.5717027372194134
0.5661325987666993
0.5508425691420847
0.5388712377536903
0.5362658297359364
0.529930625393889
0.5089065040826841
0.5079469145505118
0.4996195952789441
0.5023865367298591
0.48589243013932404
0.4700381880924092
0.46472897423133136
0.44788928947655976
0.43344452374435083
0.44036701220181484
0.41500917402443277
0.41906019259598043
0.4205869182468254
0.39768038419657525
0.3852770297488407
0.4065625643607382
0.3753313530621848
0.3717844520804564
0.36291632725535333
0.36029911186368724
0.3661870241339426
0.3491487154053819
0.33804204087405193
0.3202031625873454
0.3223256192036696
0.3127078697232783
0.3066762125464293
0.30621587307369263
0.28749333513398234
0.28361978750399225
0.2901301593829816
0.29666226117377176
0.2779350282541232
0.25883272416814834
0.2694193379586809
0.261486868880582
0.24845065755272047
0.25251936344390974
0.25667871056507113
0.23945633193451557
0.2291294001826072
0.2188729206806716
0.2221311906714837
0.2169257617699793
0.19823526423603396
0.1957270081509064
0.2042997985066681
0.19842877407149015
0.21643879334195681
0.20679703532812196
0.1705568108944555
0.18536740939544677
0.1908736115983533
0.19714208030623992
0.17521682233388464
0.18927368624186214
0.17745979923092642
0.16064467038902638