0.02114744661762834
0.017051707006473155
0.016483966597764875
0.013608946611674878
0.015006057748082445
0.01242598159604306
0.006952696379470192
0.005644219145512579
0.008641663693235161
0.00494095564615147
0.004760532509934008
0.000891684288528362
0.0006468195756751944
-0.000406564296611861
-0.004253341212892794
-0.007562760819584002
-0.006444694245669136
-0.006548038085581082
-0.00898065019473559
-0.012999255169291839
-0.013705443721624844
-0.013111562381694012
-0.017468107053135534
-0.015671971667101922
-0.022459693306927164
-0.01807552123178891
-0.021718286353769215
-0.022065656248347
-0.021870827599966884
-0.02338128835678054
-0.02114744661762834
-0.021743662577778863
-0.020641626280953576
-0.005962080334911446
0.016647467229742568
0.03832840169421713
0.0672806708266295
0.09524844334936368
0.12065777937575228
0.139601728992762
0.16104297887819177
0.1875372135240227
0.20374284624487396
0.22601244856468683
0.24392103955568054
0.2605325382027836
0.27668898351362
0.29590624362570866
0.30837139911148703
0.3185424890879645
0.33478966198228205
0.3484796570487852
0.36206119791069064
0.37223138223600855
0.3828018833538954
0.3952744264335814
0.4093081100158494
0.41623599175008014
0.4240347617649679
0.4346341196772496
0.4384956172030652
0.4478388539008622
0.4585850674547355
0.4644077880139601
0.470463817322443
0.4743025566651777
0.4822946538061317
0.48703973225284025
0.4969375513031188
0.4985668853854092
0.5078097388180806
0.5113528193947205
0.5122965007380814
0.5152744441569519
0.5238493753411217
0.5260548525389654
0.5291359304409778
0.5325611243259489
0.5325750727348112
0.5397155472077594
0.5435773730464138
0.5440985502434537
0.546384337677971
0.5540489050465823
0.5599118879204291
0.5618014274639157
0.5601554771294022
0.56845267454489
0.5673821358517056
0.5642276074794396
0.5731283831297013
0.5726165249563591
0.5727557615638108
0.5743146435629732
0.5716746947386852
0.5664415529849048
0.5619014350388781
0.5606867799039061
0.5553782948599262
0.546090704166964
0.5393292186588146
0.5320017337584038
0.5293721750260915
0.5237337200545895
0.5151554610129566
0.5119794920492686
0.507663044295577
0.5005270439345098
0.4932163698619175
0.48410849051716753
0.48135827351653543
0.4718304253769995
0.463657473470507
0.4558216414355835
0.4495453660354408
0.4387184338050335
0.42892701616001366
0.42149613679527176
0.415262589124204
0.4073476931781768
0.40090470058830335
0.392060127309986
0.38438407016532067
0.38043207416716573
0.3722366589630538
0.362739683019692
0.35234204832116583
0.3465238736332876
0.3396599128795742
0.33316513982952406
0.3276798018307433
0.31755775021457966
0.3094965414790678
0.3061132798594558
0.2991003705166038
0.2927583140760179
0.28482846975068254
0.2783007214657925
0.2740439893529057
0.25997138222251825
0.25702763807448187
0.252630977275567
0.2463095003870326
0.24213275605038695
0.23834892630975404
0.22909770724729817
0.22330472207360613
0.2169836966193131
0.21129403900751068
0.2045602195478051
0.1987893994539855
0.19391002473377428
0.18797665270877323
0.1830597165055206
0.17903773976523868
0.17670434372242666
0.16868639542766042
0.16189378879101923
0.1598462378685579
0.15421691059539622
0.15114528938574837
0.147880573918623
0.14369469104484683
0.1397770432002818
0.1336346480399584
0.13200950673199294
0.1308753955637473
0.12433303425127305
0.123042488101632
0.11800293703016046
0.11700848527929417
0.11509506154341467
0.10958810131659834
0.10591475973027566
0.1027860952926094
0.10039629967079489
0.09493117680704016
0.09313898622944476
0.08856674930189193
0.08483634265438768
0.08391652018464447