0.02496772944554905
0.02082033670824133
0.023199620725532055
0.021797005193615732
0.01745324419930802
0.016721745292958758
0.01597282761011288
0.01660069561139257
0.011951213227224693
0.01065540413080527
0.008610328810480494
0.0018265234330160395
0.0021179187676770034
0.004335943809976424
0.0009085482848205655
-0.00930551743806907
0.0031355156948067496
-0.0026589191027545657
-0.007765839099087273
-0.009593692562116214
-0.011949455863741167
-0.01179024877250235
-0.018806784871553954
-0.01562507597138632
-0.015571414933581402
-0.015672629121316
-0.02762033135794576
-0.01930397587562628
-0.01482049163226704
-0.028290985013235067
-0.024967729445549054
-0.020183235438488115
-0.022367984802580166
-0.005694650468842437
0.027454866764067137
0.05152289244453189
0.08363274999004192
0.10977543174316393
0.14412700026233616
0.16801409053903602
0.19033588299334547
0.21978633451856788
0.24273062125659425
0.2677102051816074
0.28442461000419483
0.2978508274450105
0.3255374593230284
0.34283560278434544
0.35191532139383086
0.36105215858804585
0.3729213701858003
0.38442632742276067
0.39845407263626276
0.4074846083969753
0.4250122968863353
0.4335364848280704
0.443573525411423
0.4562973942562995
0.46060890556955486
0.4654422465531821
0.47181576543643655
0.4749070369910268
0.48422532010718755
0.48781624227360626
0.4990557142864537
0.5020660068910544
0.5060303539182276
0.5122914942530009
0.5245915161454541
0.5282471483871676
0.5275528668798743
0.5396452901888383
0.5334266280391263
0.5369088959416244
0.5498105834551946
0.5438526307024635
0.5440090643392569
0.5445751262362745
0.5549358319147228
0.5562985617746612
0.5581155275282303
0.5604937835148178
0.5611282422890548
0.5728051946321714
0.5744517159477787
0.5776872173915127
0.5755238652379449
0.5819920732864143
0.5885248473507958
0.5820176986236045
0.5837367021529978
0.5819680607693969
0.5842694047808201
0.5831247357412811
0.5805286566465121
0.5785958470272162
0.5747158978766589
0.5731960739994401
0.5668831932765267
0.5632150057020152
0.5519219703082701
0.5412905509504821
0.54364313486766
0.5369037244620334
0.5344160402790975
0.5247843646200415
0.5196395642459297
0.5151165385951118
0.5141123278579038
0.5068588141109172
0.5059304615802135
0.4983237301567007
0.48889130069029624
0.48113617928286595
0.4758031252324583
0.4722237592474561
0.4618642364748514
0.4594931376996666
0.45010052333197637
0.4424462142654357
0.4336205327267443
0.42951722535244863
0.4187528451215786
0.41462178492092716
0.413566685847101
0.4025177298806741
0.3895021169319937
0.39081669325137125
0.382712519294686
0.37481688578271244
0.3674873081968055
0.3556851308951077
0.350040004428619
0.33846725167226693
0.33232859938534254
0.32631345529284617
0.31655414040568475
0.31608826271377966
0.311376489108108
0.30024877695369767
0.2967454266534217
0.28614399571141724
0.2820087084177082
0.28348760448303645
0.2699868555026339
0.2587209495244575
0.25848495105453145
0.24968892685839106
0.24369940359077927
0.23490675765473745
0.22987309728487668
0.22664623546446577
0.22077998689146805
0.2154248888012803
0.2169197085873761
0.21018180565262778
0.2035200030710504
0.20366124118353646
0.20161131341141802
0.19516641732258594
0.18681989531315218
0.18739638341420414
0.18017778814584984
0.1767260554513593
0.1671833197259131
0.16451810335300138
0.1674719494737278
0.15700890008308738
0.15094533116030234
0.1516750475664424
0.15201777821037715
0.15315814174561904
0.1432077809342529
0.13567753446637174
0.13720601802268623
0.13232371286905203
0.12898744229244186
0.12344139213525128
0.12090847085751111
0.11696139499087019
0.11634059727197484