0.017866297198783458
0.02595510824058933
0.03967143317456362
0.03231328706395538
0.037868617065102264
0.02558342522119793
0.03588286645710116
0.023951282507732867
0.02250862246049112
0.013429342594614813
0.035201687120532454
0.026959486081465266
0.025604586459492228
0.025719329052882847
0.025884398551074737
0.023925846883724056
0.010193476992687451
-0.004746001530433444
-0.0015742402232375998
-0.00024922002523146636
0.004093540764045009
0.006510280277938773
-0.007510347359363327
0.01961330090275501
0.00033936804431826466
-0.0011719544449946095
-0.023536862726005938
0.007264465711026557
0.0037356848351022052
-0.025380126074267175
-0.01786629719878347
-0.0009451928408053336
-0.0052012698716375335
0.01120656986779909
0.04834249275286459
0.08635982540281024
0.10139170396540026
0.13901350770489443
0.1921776024258071
0.22036899075572525
0.24585837299083171
0.2699411235558789
0.3089699540872478
0.3292762598967477
0.3323485456695019
0.36753189180880347
0.3756357319338888
0.3755627902922179
0.4034962895616788
0.4292693738772523
0.4472733969205676
0.44253477588154505
0.45708650307613075
0.4747658857080458
0.46934026220249625
0.47406446107949846
0.4991121188008281
0.5412316213716862
0.5200703881770452
0.5311997479550139
0.5252853832179415
0.5398575156179306
0.5457193810937094
0.5377670415633576
0.5448598113479852
0.5508011194905219
0.5806192591433142
0.5749778968398328
0.5758264032506741
0.5830030146525939
0.5444452451886604
0.5868856556901991
0.5875924889303462
0.5931418753002139
0.6042755394708332
0.6021098296329733
0.625301585122469
0.6066042387983687
0.6212398445208409
0.5938499753437771
0.5855619017575905
0.608317532103553
0.6097649805403598
0.609538378125526
0.6299986510138574
0.5916118440462533
0.6197831362470939
0.6220691631823747
0.6217016410483664
0.648086321547627
0.6546184156133898
0.6523598041764546
0.6355583180648592
0.6445289506448426
0.6564322690402387
0.6667449284913913
0.676086593811573
0.6717835010988105
0.6844783567740932
0.6483060420553082
0.6710510867638012
0.6727574877201846
0.6642178436658097
0.6722143071534131
0.6541335701878869
0.629686683611916
0.6297310932904638
0.6304308272254082
0.6038124606642854
0.5969800921416678
0.6067718468284327
0.6088580370820174
0.6014603474958311
0.5979150525480281
0.5803972706040927
0.5529007429995475
0.5639669452143926
0.5548309203026046
0.5261931022200383
0.5268062500509363
0.5107927811701277
0.5089037371433981
0.5072519626613835
0.5004745913036522
0.4926008214597623
0.49317291472689884
0.45096307692212345
0.45229242246172474
0.46134157602199954
0.44699793519466924
0.4505575344468934
0.45068382973166743
0.4390389475069474
0.4149221162491214
0.40906094246814745
0.3836116337110567
0.37865911821785897
0.3738138765183483
0.3674345655978159
0.3366339399488042
0.34287270047156976
0.34692086956723556
0.3420166401892418
0.32901401726058827
0.3217481094589155
0.32601016606150557
0.30686064396431656
0.30160968866495946
0.28975804216221307
0.27527912464447735
0.2702079422456364
0.27076533217097454
0.26664095686844236
0.24508289831525543
0.26061362167720836
0.2581858690534713
0.2528907924066478
0.2323582891269783
0.21710587467870443
0.2310754668527083
0.23438995570320098
0.21160834655105204
0.19760668658247574
0.2030211259863424
0.18962122509065477
0.1895820955105501
0.18713583728440944
0.16176310036515196
0.15371017019137484
0.1749795434097574
0.1468992550155812
0.1349794091853262
0.1629041691371346
0.1752789450925193
0.13741120422473438
0.14041801578164648
0.14153906227114538
0.11711145049467499
0.1127464810101473
0.14600114851997958
0.11323772414814338