0.18378865629117538
0.19748649927055914
0.17166821584544045
0.19202153099919594
0.6385527801928741
0.6118260585034436
0.4580664037604208
0.20129070533520851
0.2045724258209334
0.16018175115509137
0.38468286983716
0.17229690088480487
0.635533084738093
0.10700218430106159
0.0871051379235603
0.41949449368959213
0.12040400683419089
0.9333211030511102
0.7815056332340693
0.13431196212712268
0.0744507377497486
0.1751169436102418
0.498543271907498
0.7053061954752631
0.41323165225931147
0.485714624569314
0.221868916946983
0.09319675979932215
0.3410487381815901
0.2080540215436247
0.1809875054826513
0.09761336458290336
0.4527770959500187
0.4115979132077863
0.161684286898893
0.13031800646160624
0.3037970237522524
0.05366872909825355
0.31218184147704325
0.13917221655327305
0.28245399721203623
0.5160190410417138
0.1697297127675252
0.5328621902301437
0.7695192957842426
0.34722575901491065
1
0.7094713401523959
1
0.39144716940398894
0.31027218683006286
0.80992858207446
0.019156239574744487
0.4559858007589414
0.17424112599623975
0.19485684730614006
0.4249847972609934
0.23131284951429382
0.5932804762794069
0.26793274594885763
0.22594736031698073
0.11720328918194328
0.16360215667309197
1
0.9900281431308626
0.3186554057658876
0.2877430701925626
0.2780055531661142
0.5135220084128481
1
0.7406079293923009
0.23762780131444797
0.3495464234174425
0.4182006806420324
0.6403423854089948
0.47887759728020524
0.7305440232216761
0.21670987165475414
0.3259191370922496
0.5022637333180938
0.9333725483655486
0.23497679305904384