0.18378865629117538
0.17166821584544045
0.6385527801928741
0.6118260585034436
0.4580664037604208
0.20129070533520851
0.16018175115509137
0.17229690088480487
0.635533084738093
0.0871051379235603
0.0744507377497486
0.41323165225931147
0.485714624569314
0.221868916946983
0.3410487381815901
0.2080540215436247
0.4527770959500187
0.4115979132077863
0.161684286898893
0.13031800646160624
0.3037970237522524
0.05366872909825355
0.31218184147704325
0.13917221655327305
0.28245399721203623
0.5160190410417138
0.1697297127675252
0.5328621902301437
0.7695192957842426
0.34722575901491065
1
0.7094713401523959
1
0.39144716940398894
0.31027218683006286
0.80992858207446
0.019156239574744487
0.4559858007589414
0.19485684730614006
0.4249847972609934
0.5932804762794069
0.26793274594885763
0.22594736031698073
0.16360215667309197
0.9900281431308626
0.2877430701925626
0.2780055531661142
1
0.7406079293923009
0.23762780131444797
0.4182006806420324
0.6403423854089948
0.47887759728020524
0.7305440232216761
0.21670987165475414
0.3259191370922496
0.9333725483655486
0.23497679305904384