0.01685208677795272
0.01686565816250687
0.017105797073822333
0.017488881558323274
0.01668728276388221
0.016523218374661936
0.015355497477873216
0.015524228350261958
0.015569560960301172
0.015194624665638652
0.014304226115922965
0.013745642204085005
0.014501414349051056
0.014558748051058206
0.014186923440019747
0.013902372522401707
0.013898484603408525
0.012787865118954021
0.012507674266059528
0.014101966419491536
0.012908621199176322
0.012370673476763738
0.010988763782572034
0.010922088788647031
0.01153548409298385
0.012197510858421244
0.011734607408790461
0.011356587683699187
0.010961394396343398
0.010985151218379091
0.010930148866639355
0.01027725833698249
0.011928726768553239
0.011574900605550224
0.010237214990665723
0.010432555361889674
0.011361238298522753
0.009563577140071352
0.011077950097722241
0.01080088051491183
0.011189846771595117
0.011055734498948621
0.00951143209850479
0.009734035025195953
0.008349783006871824
0.009764206696615842
0.009304321568674983
0.008869899899099958
0.009804989454444546
0.010148017688588118
0.009741425167055241
0.009291182145606163
0.009674269477315554
0.00938928032439786
0.009268567010945595
0.009224410778899596
0.009607311996721936
0.0092403965858363
0.010747241640990984
0.010813992446667645
0.008849549435190968
0.00875504400267409
0.00845273999420831
0.00926399225214587
0.009985164847396626
0.009590797622853758
0.010634248813838919
0.00930001964978504
0.010397862572389218
0.010231112321496419
0.009210737473581988
0.010240984204098528
0.009769151540815443
0.009664363829698265
0.01013248620469502
0.010339243446767824
0.009541683202006006
0.009273300761225407
0.009406993909154823
0.010735412212556857
0.010468176364715073
0.011024144563290001
0.010677647686081926
0.009660835944765581
0.01027064271715662
0.008113517788595424
0.009826329292770684
0.00937418025930207
0.009376328874557216
0.0102900804115107
0.010344301417589097
0.010241651983423647
0.009686303425257859
0.0105349856352199
0.009816576067017652
0.010364639367453393
0.010627281456756685
0.010298796455989273
0.010151135848957448
0.010583160240877236
0.010625233511614162
0.010845433691717492
0.009575429977707522
0.00957548274959248
0.009521745156677362
0.009433711716853
0.01015348595329123
0.011642468672667045
0.011008225474930178
0.01068224629157432
0.010420787710218347
0.01008571809039493
0.010496273644575022
0.01016787283199224
0.010747350284439235
0.009902798125892261
0.011206590276277534
0.011845762260038712
0.010832245692168068
0.00983591453496714
0.0108114677671146
0.010616057043606613
0.010349898432335466
0.010436646005784977
0.01007211976889404
0.010832617045178052
0.010990313307920762
0.011378226065786963
0.011342574661390745
0.011057760530045608
0.010327719409037012
0.011963979554592073
0.011161847592542786
0.011189686866001136
0.011536105979671422
0.011530638220528047
0.011273237483161279
0.011221441684349777
0.011364255179688795
0.012768044398608664
0.01283486752054447
0.011569568870264061
0.012255744345638881
0.011653728848099816
0.011821892502150367
0.012747531084085046
0.01254475116762335
0.013525085316617608
0.01274479492460112
0.013153400670016578
0.014161842375077015