0.010955622891360303
0.013835183196709483
0.013425637559729699
0.014526471709184354
0.013567683301355016
0.012711449996710828
0.014211321093659043
0.013068027629612204
0.014092558875152653
0.015675109491012633
0.01269966446740771
0.011812611147754639
0.011688425707053416
0.011790604382115016
0.010814014566688557
0.011211415484274966
0.013533561953588059
0.012810614250921266
0.013523563424501717
0.011941983625738582
0.0107163709776587
0.013137166549381983
0.013976285148672257
0.014701315317555334
0.011234822660183573
0.01159329660138929
0.012415904625800816
0.010211669215013723
0.014578395711874345
0.014114703520364117
0.010955622891360301
0.014193795436222867
0.012944024828093332
0.013579785989365337
0.016321401829583335
0.015682930349747888
0.021506945874779
0.023594712802428232
0.026146405821124444
0.02912391875955033
0.02764422855379928
0.02916971326251121
0.030266292043204173
0.03200674593840676
0.03303090680474665
0.03404870736431345
0.03737285921177477
0.037076041871159725
0.03594859323286011
0.03523115935308553
0.040257097423476544
0.0399715140858514
0.03886006272235399
0.04055717055425039
0.04173008415849352
0.042711175440499204
0.04128032486777539
0.042719989038027595
0.044633977542307204
0.04548523319462853
0.04430303349448131
0.03909147442228983
0.04562465576507536
0.044689186197090454
0.04377448030135765
0.04477666442860509
0.04104710258361481
0.04188717945061484
0.04626105044026519
0.04516049559049767
0.04326537607062129
0.04186490801893987
0.04077621006144286
0.046396558356639604
0.041865949160466674
0.04372603678291837
0.0453725956308606
0.04392966972415063
0.041844837367579435
0.04662212574109008
0.0472565196721104
0.044546945758209076
0.042811028126538316
0.04426520190161934
0.04890905724546385
0.04464009025639727
0.04093344202798124
0.04445917039954824
0.04430896486860639
0.04290821552159891
0.04604720617375558
0.04325592465138429
0.04253776777240088
0.043185898745993566
0.043774935381146456
0.043655805430823674
0.04482187524245367
0.042780266742274906
0.04083819420280415
0.04186962555487682
0.04428636149248921
0.041409973258824034
0.04132963200854891
0.04027929453824348
0.040223074626328646
0.04394183242288647
0.04451122728851878
0.04076134860370983
0.045102297040484435
0.043785300485031826
0.04192697175844557
0.044525067518430356
0.047679504972835976
0.044119547357635666
0.04397083127179361
0.04728306894078809
0.04699769687144032
0.04830218953674573
0.04777286695651123
0.04519795834623886
0.0452937782126238
0.0495493146504343
0.04684535734156442
0.04553017867679072
0.04547108494912407
0.04486061438637344
0.0448842717756317
0.04251327596974784
0.04506095264568116
0.04442845549536165
0.04548001918088056
0.04399440350010075
0.043894221243226846
0.0413355381452047
0.044378925290468954
0.04557472056699763
0.04631603920056463
0.04288638426758927
0.04447255290745328
0.04389113332412673
0.045231346561699935
0.0452843343237927
0.04394633586654497
0.04765509786837842
0.04788888249603846
0.046308869484751644
0.04726017433813501
0.04982654248527028
0.04733836244543239
0.04745544401800097
0.04941982407774229
0.04795322770743595
0.046837075938692865
0.04840453759939024
0.04659236145345162
0.04781306892301656
0.04724084470054773
0.04849951155439272
0.04868761500427003
0.04709239666661121
0.048370561849581835
0.04714318522360343
0.04782763368111058
0.04684613161844785
0.045813649319066646
0.04804171623481157
0.04746479232390193
0.045332709533192905
0.047995499758237345
0.04842763351527369
0.048845917997681336
0.04679149297625529
0.04563976315854469
0.04456111852097143
0.04461037559132715
0.049186091443590436
0.047676923994063404
0.04545786723598483
0.04514488570251611
0.048532165901890294
0.049176965200335404