0.002669954488369068
0.0034593297184892253
0.0032182547017598623
0.003719193312758242
0.003316512842039526
0.0028781243991504533
0.00309684290306993
0.002621042389432705
0.0026409832927008652
0.0027457193721138217
0.0025162707896776056
0.002575139842955452
0.0022296417693572707
0.0023077150574704586
0.0030394676862668933
0.0026376196812334827
0.002611606183416543
0.0023972254340889755
0.0026109391947041795
0.002352953337387556
0.002083260281737849
0.002251231972630907
0.0026653997832082666
0.002271806538874544
0.0028065181721415497
0.002752328837953177
0.002586273527497304
0.0030251760106073857
0.0031609829915694443
0.0030636881610555254
0.002669954488369068
0.0028718565455022214
0.003305391772736049
0.003848111224226653
0.005570791926439191
0.007109222711340453
0.008983401262935913
0.010778459424208119
0.012388491784555453
0.013949849585013337
0.014904084193071883
0.016310529647241837
0.01741313048372599
0.018184283185588176
0.01878819463567041
0.019800277468074824
0.02031372231926675
0.020882998417309003
0.021494618142065297
0.02202081954442283
0.022820325329576164
0.02325053119017674
0.023309098863233617
0.023661343131137092
0.024427891972011753
0.024447609833900746
0.024908351018682256
0.025448867427917816
0.025805914302688443
0.025937058216959994
0.026589367600112122
0.026871842688755504
0.027137338883175186
0.027301290561648928
0.027517092141251698
0.027720393774495436
0.028547629544116306
0.02857688832885588
0.028700751367729586
0.029340545265369118
0.0290576635376525
0.029129400001264846
0.029726061444900722
0.029624915062853568
0.02987682479205927
0.029911469096673953
0.02989916997846428
0.03014274741975547
0.030321503468943307
0.030557545233605377
0.030717929316901135
0.030370851801412937
0.030817555450545382
0.030839777825924987
0.031236900540476224
0.03155684199513337
0.03136967074050349
0.03185328088317674
0.03181594479896572
0.032004509262557976
0.03221103651585442
0.03205810652220538
0.032055884079672116
0.03187010583080468
0.032173493396523443
0.03178006567478695
0.03155867098843487
0.03128760995865838
0.031268153164098485
0.03101061608377572
0.030674473055026453
0.02998865714055023
0.02970047892043905
0.029464817722178988
0.028785233970038872
0.028807684580253665
0.02829528115938144
0.028077182544945366
0.027778586159392844
0.027041777437176156
0.02721601346807837
0.02696966271773915
0.0262048753367611
0.02626181708772437
0.026196735017986597
0.025778287138358023
0.02537443551755903
0.02500495413332696
0.024472954861398707
0.024310799839395547
0.02435835258060581
0.023848456848213587
0.023861221647362197
0.02325970071547846
0.02327724372672134
0.022356733233562277
0.02247372746697993
0.02219806076364196
0.022017353194395326
0.021715704720597577
0.021181514316431824
0.021319171932605987
0.020919058548639367
0.02051824870087773
0.02019382284069848
0.020329112467459134
0.019876963302563642
0.019301779351488333
0.01902978694150508
0.018757571171877065
0.01872946001692726
0.018637246270445416
0.01842653390086479
0.018021854552946578
0.017925920444684357
0.0172296553982951
0.017147456094827172
0.01667479138641668
0.01699281661252761
0.016501138494687623
0.01628873495964111
0.01590382100116431
0.015790535000455443
0.015658025755303905
0.015292765146379396
0.015057230206133516
0.014952256107086689
0.01461485303320328
0.014127088212004655
0.013720958607713505
0.013647674327786246
0.013296441060308105
0.01297673168812587
0.012993654658124708
0.012420337775630133
0.012231707376151634
0.01233703838892797
0.012183044016774053
0.011516975747921638
0.011373728431869868
0.011311871671269215
0.010959425590665456
0.010711966689951193
0.010475675965448362
0.010270894089964547
0.00985056471230703
0.009988902124953276
0.00968917700698367
0.009498015498804937
0.009398396056055696
0.009661314243593067