0.010290056181436975
0.014449145587094576
0.01683533416848729
0.016344430536797166
0.013426014570096774
0.01586709731536111
0.010924737058654387
0.012708511662615326
0.013142183041132825
0.013369949185285305
0.0158706648634119
0.01868290867775548
0.01510573929529811
0.01369441218272557
0.013076059794830423
0.014047720195245188
0.013445236512329957
0.018255047590518273
0.013499863106516762
0.015167166132223596
0.012384270569227723
0.013680112135178479
0.01008578505673369
0.012453945032110671
0.012604861250601316
0.015452070819388175
0.012777743565457501
0.014906684925937707
0.013817465473820173
0.01132496574375386
0.010290056181436975
0.013794664750288451
0.014141744269486552
0.018944815725077464
0.013238148381130943
0.01455377917089414
0.01683070742452842
0.019852798863322457
0.02210265142963244
0.02214793159953602
0.025342309094888955
0.027955381006252455
0.02796717069376267
0.026895621235134455
0.028707824417060553
0.028362727096162665
0.029991230482091624
0.03059378530972515
0.0317408048802969
0.02944613357335326
0.03409141903905721
0.03514238660193798
0.03266170408564283
0.032945513628036265
0.03464729084473295
0.03716936853159238
0.0337144137520698
0.03275425918208196
0.03317222851842491
0.03418537492219585
0.03603112346784516
0.03553207575812948
0.036262173039604245
0.03807450743078773
0.03784049050505766
0.03721909747834972
0.03540345407931708
0.03636572727282413
0.0354167166854343
0.03679995044101301
0.04264847043202636
0.0388177005324669
0.0371450301171708
0.038324159903506884
0.036176245225249044
0.036803079158360334
0.041419282327869844
0.04282357723767756
0.03707421667588496
0.0408255448177164
0.040858793055296716
0.03978838088035468
0.038758198046304884
0.03590347938743131
0.037009266081895496
0.041792679858932404
0.03944633089201082
0.0343076279967575
0.03902376205255384
0.037390636402605544
0.0356082377132693
0.036457798313231086
0.037577305744345875
0.04546040713320264
0.035218057985012104
0.036428641184100524
0.032256314625472314
0.03181683900353446
0.032944742612794224
0.03282607191741389
0.03670402476889529
0.032156508794848104
0.032020738245423626
0.03041038823617484
0.028811470237613122
0.03094789471761422
0.03210106490826618
0.03494142107683914
0.036305339928639525
0.03728723269455279
0.033946964379655574
0.03372127452713493
0.03196601910760368
0.030817258417892422
0.03423718964018202
0.0328630493192543
0.03439793943293946
0.037337727345578636
0.03678904656491289
0.03856888203923154
0.039277892055712416
0.039604287389238595
0.03829480783567741
0.03449044961511152
0.039320917679767906
0.04102254692733522
0.03884819471309831
0.03812981232443712
0.036928450016784554
0.04256957840986269
0.041804306418868516
0.040301481558337356
0.041520081856197724
0.037691101156409855
0.0392083217645597
0.03921657845773884
0.03844081749484823
0.040915358317483164
0.043490381327733446
0.04322636965970937
0.04119637336155627
0.03874934704560398
0.03986674657820324
0.04141910944162519
0.038429762508923125
0.03665743194133152
0.0419855854670759
0.04673302594972673
0.04302881151930229
0.04158762999177632
0.039310432555969034
0.039077444395387406
0.03915832711952373
0.03943027068917944
0.0414655530245181
0.0388042965074791
0.04028267634473522
0.041351313349769867
0.039761212135218625
0.0395355412825395
0.03884854695175478
0.039774742854355165
0.03933140254111442
0.03882941514473452
0.04012963177807473
0.039839196450831595
0.037950592565061066
0.045715640211472224
0.04624916155996595
0.040084308797250584
0.042997114989051566
0.042616374313867146
0.03855224171226255
0.03755390997892398
0.0418200774336946
0.042988305502833335
0.0426074098608106
0.04445476517947009
0.04441610155823463
0.042325182533279146
0.04375325088999697