0.00945062472735805
0.0199522030912547
0.013315979324561964
0.015916258353127686
0.012483259323789951
0.013259717050182538
0.010934457580628571
0.011864052470852341
0.010278146791230758
0.014059091562401293
0.01343320864957546
0.014503144345155206
0.013288400737046482
0.01429080917565151
0.017028995341154877
0.01484670356837505
0.014019182358753775
0.015964661279691515
0.01189882142441513
0.011961361121235728
0.013370213735574319
0.01590106511967632
0.014926747923193035
0.01218655271618653
0.012458518833029232
0.015992751471418182
0.01729554873390912
0.01589859468618629
0.01218453186038356
0.010261953074070568
0.00945062472735805
0.01396691020548136
0.012794732539151947
0.015455703740359462
0.012111758761972017
0.014731287161055056
0.019975625047645225
0.018480280208680193
0.02178460379594325
0.020891681431806704
0.023467853469307725
0.026300594288960824
0.026954574825136596
0.02636961799821618
0.024931879403438516
0.026736483156417884
0.028998578098407075
0.029409446552663265
0.031888727687993744
0.031011672221785126
0.03451236580853776
0.0316448396432336
0.029472846904111272
0.03018551386371044
0.030778360802472315
0.03268163245567505
0.030267687682137792
0.032286796711831586
0.032246610264654314
0.03231071825527166
0.03331179293665844
0.03217398447127431
0.034051813664225106
0.03449588385446342
0.03430544041507961
0.03573594103936559
0.03472221229904008
0.03537833915088219
0.03700984109113248
0.03677640825743514
0.039224124042506824
0.03548141520244726
0.035587678367008026
0.03420181538739167
0.03500212561649694
0.03804907951933048
0.03863361195852357
0.03945910738579774
0.03651148653476433
0.03780459225766545
0.040076593988851425
0.03540451162752241
0.03609251850949081
0.03542169187041491
0.03539822791389327
0.03811636052365652
0.03582913258857448
0.03520117600419053
0.03679747826678596
0.0357323923969108
0.036289362933082846
0.03505766886418344
0.036452052041221435
0.03833338218466763
0.035158551937386
0.034321013461342836
0.03094398332335607
0.03041766106181957
0.032589182646128236
0.03182688690206078
0.031022244734268123
0.031646401767269315
0.03137937774324544
0.03047214248021159
0.03160595945477966
0.03221362220238578
0.0291982639177923
0.03133048074029635
0.03231921973388801
0.035826946408282545
0.03638989957264433
0.03570728405800262
0.0338273785255987
0.034785876873688414
0.032218599683580346
0.030741174709381175
0.03462681867413609
0.034328538810289695
0.034948937556434974
0.038040038086100986
0.03666975472252384
0.03697178337916426
0.040991825402428454
0.03533227270427169
0.036547093892003266
0.04001986632576033
0.03577417624103091
0.03642683806646269
0.03706368380773685
0.03747717048223704
0.03843418043391919
0.03807683679814492
0.04022219841839827
0.03992675303718678
0.03945873448576014
0.03829100845991573
0.038368048450318014
0.04067651810355625
0.041390775647885264
0.0437580601753578
0.04136027855416073
0.0416931459419722
0.04163441458804102
0.044680909652363925
0.044551057946056766
0.0433692541987768
0.04411502101429391
0.04179482399455111
0.040502169788954864
0.04150598614444089
0.0390657175188269
0.039286385340415536
0.03867569261583077
0.04774212316086158
0.04087532475818336
0.03936097563557578
0.04107633226301359
0.042625090661979365
0.04080288077126929
0.04150342043979152
0.039521540620525056
0.04095728161982837
0.04012008463156141
0.041450052790693914
0.0398246333832886
0.0437390403875708
0.04133230998748216
0.043269057441358554
0.042431151322197214
0.041019552607802184
0.043138863560056334
0.044130189644957074
0.041449779389809406
0.0459278707545647
0.04547855740214187
0.044268973694277354
0.044459624924098794
0.044986508335224794
0.04371502669364861
0.045404398639216054
0.0440373101976442