0.008135604123436408
0.012648337320315058
0.012640599583426669
0.011039889077276136
0.01316742793720533
0.016332312303999886
0.008945177288257248
0.012457012156533534
0.009644708400176715
0.010314677681215866
0.01352504059427845
0.010544902704716076
0.011299064740127035
0.010641755592114019
0.01125745130497153
0.011263564284197143
0.012360663558141737
0.009667024946957897
0.007026547928011828
0.011193291912525332
0.013275936124354074
0.012481196133237948
0.00978108245230896
0.011399349346650293
0.014897639105483418
0.011080766114313462
0.009084807361364041
0.011984248058726785
0.011535107198920865
0.012158517381466989
0.008135604123436408
0.012549740589899395
0.014097965195640489
0.011126527083008503
0.017715319423558393
0.02127779770265229
0.021470825841652684
0.023497774186548546
0.026518609865392503
0.03056260012364522
0.031484104149762576
0.033957911776566
0.03576954907410209
0.03550281577316002
0.03781260187980647
0.036036899874810055
0.03738950633184046
0.0385712548845438
0.04024177285875877
0.04151136691217588
0.04156851346992954
0.04161266498745229
0.041955967659328255
0.042508400481467375
0.039502252897865825
0.04052859319952691
0.039127026532290665
0.03779504558073951
0.037771761075010984
0.03990960362967561
0.03781723094013607
0.03531611658945875
0.03697603739164292
0.03849725382680371
0.03933874084600921
0.038173608286114775
0.03944700472528313
0.037891708269907794
0.03818970105815623
0.035944434050385325
0.03727971654303941
0.0375310871619978
0.03721631653362575
0.03768106077046931
0.0385769294659837
0.03729309081251873
0.03807444438574357
0.038534990639462356
0.03562333177403254
0.032770676513363364
0.036415316713330904
0.037148945812827246
0.03811150620462994
0.037412687260134754
0.037689740276162315
0.03607580346625407
0.036438441266361685
0.03485830927076633
0.034614457210592434
0.038962880609130356
0.04156921166113247
0.03975917904232678
0.04050659634471185
0.03699048036528554
0.036027469905080683
0.03466654185506528
0.035997321028189824
0.03436941868535473
0.033540972261505354
0.03301465744330683
0.03421057507915216
0.03179660016027481
0.03192697115393607
0.03306929047220926
0.02946443420507468
0.029984116585006753
0.03140322508605485
0.03393091570744196
0.031511405185543254
0.033242707611979984
0.03579554081235215
0.03358957035175117
0.034169476307968814
0.0351136638335349
0.036699733687705995
0.03714380149938942
0.03866033543168143
0.03666148947432156
0.03824480462855243
0.03582393141492064
0.039255410880085016
0.03792306754830919
0.03863731865882915
0.03771398500513739
0.03751068267794582
0.03718939222970055
0.03819806993934293
0.03904856194812821
0.03924895859807379
0.04122142686183364
0.036304056036468725
0.039276550787791464
0.0395972721541622
0.04023371435022377
0.04195591620983586
0.04007115739984602
0.040782269171477155
0.04209052265527996
0.04391814300481348
0.04316535230885088
0.03943667918993805
0.03942494048767327
0.03981306794862071
0.042021364482547945
0.04204766332093236
0.03974796501184838
0.0398336901056993
0.04249021954213201
0.04241247334896864
0.04259133030738154
0.04352437241169139
0.041909912944822554
0.03883494123692837
0.04055394280010504
0.03712624626578799
0.03851096245471966
0.04011828411582383
0.04045768836770903
0.03916833579918713
0.04080611124254056
0.0390269962830764
0.04123690473966097
0.041283899589679506
0.039506545292216394
0.038699377069708656
0.037223200344747985
0.03972495369103904
0.037731725543913554
0.03748590636948866
0.03588935246310723
0.03837531390240689
0.039571498424344737
0.04157150290106219
0.03680714965745233
0.03724401301211622
0.03828689068263271
0.03674324609383264
0.03842813376625728
0.03833720981452348
0.03871279937926182
0.038504116105499406