0.013336019324609217
0.016248006465435963
0.015618898141342513
0.016751360264968308
0.015988641393140778
0.01616702445970946
0.017159259844925334
0.016466787344458948
0.016593990968560256
0.019677775353657757
0.014606752659375688
0.013614041591314397
0.014643198578181834
0.013952246944531595
0.013498091688381807
0.013147771388236003
0.015988409152955154
0.015665931538110894
0.017368838411168753
0.01483364376587284
0.012650214582608479
0.014912770746349016
0.016282698549890798
0.01782130409875194
0.012923959101112131
0.01358177557887959
0.013963799779010733
0.011457828127925758
0.018262436377871127
0.016948684244691422
0.013336019324609214
0.017331201263926375
0.016292823125976002
0.016981887501524254
0.019538859315788734
0.01846327778634356
0.02691323983274385
0.029398119442233344
0.03304019262297805
0.036817547423927
0.03470709567060134
0.036175893078583564
0.03748149136882534
0.03922496502448679
0.04059251909479478
0.04157396509646696
0.046064332458356824
0.0454702867964693
0.043113452183815335
0.04310707485184387
0.048253200022962794
0.04799092511447384
0.04660442314431384
0.04992091521185757
0.050493128157791285
0.05020917760861462
0.04956450260390598
0.050942759161769297
0.05286495842134802
0.052514610686014596
0.051341644837461106
0.043795947860584064
0.053869938086636746
0.051912351685949994
0.05135129770397401
0.05314768628092279
0.048552416294630266
0.04914392800991996
0.054696178934966956
0.05327172394085798
0.05160861972503004
0.04871534877130366
0.048092965024360806
0.05359529675419457
0.04674621252962314
0.05046304327317761
0.052468301040270435
0.05147633469901504
0.0471856979295133
0.05334340655661724
0.05461477598649521
0.050910141016715926
0.04681849595900483
0.05051918814804888
0.05670400269409894
0.05186939557144347
0.04644579820404695
0.05084764187603029
0.05141949947436597
0.04911267913745443
0.05313830620193192
0.049433444002049784
0.0485539685174623
0.05102611198832165
0.05207874610990893
0.051379649532686006
0.05136990249354691
0.04843653829467131
0.04561714766423601
0.047884744863438536
0.0495793823970406
0.046531135583051275
0.04655378684371185
0.046407375914300435
0.04348901737844612
0.05026479707110302
0.05130693800307304
0.04552560110915814
0.05045682916675727
0.04818319650822992
0.046488955177812326
0.04962798680681481
0.05375679599759088
0.0471721332648092
0.047405355745145664
0.052671637355241656
0.05097647745712648
0.052961378680075964
0.053288678700408106
0.0497939643709693
0.05062839051413933
0.05540276699735856
0.05072549022058445
0.04999041640173116
0.05042355384090671
0.0502170497548373
0.04841644438746138
0.045392664465878065
0.04980404969878595
0.050013055392399995
0.05082139531451575
0.047449386571420546
0.049917684742862935
0.047512388932328176
0.05143388389887991
0.05174137604165293
0.05042684909635117
0.04834965418744411
0.05036273607359634
0.05097747367771885
0.052858306230816325
0.05214182311820994
0.0509261852624512
0.05615091522445048
0.056870252600555365
0.05462328522254338
0.05424657555969138
0.059890232492894435
0.05492240576335002
0.05567429784683249
0.05922513971781228
0.05632930793081277
0.0528985159119564
0.05698110710003774
0.05429677771279578
0.057029084612217854
0.05523477917561078
0.056237421967099514
0.05808150702805854
0.05542042731529122
0.05702483203788996
0.05536594638496456
0.05669853892371671
0.05575732897097271
0.05526270081531338
0.058621391922176615
0.056825246719481894
0.05320239381772401
0.05742320822315665
0.059054063604251326
0.0590461283111788
0.05680198978573032
0.05534693476788286
0.053152042521307
0.05300211990623938
0.05920801714473731
0.057518318457094396
0.05524233744050363
0.054537585665228684
0.05897474250966333
0.060169473497531364