0.7590393494647898
0.2652290554812017
0.
0.9800361208822325
0.9232602833258163
0.5336074507273187
0.7700050779783258
0.8028551680169695
0.4080898832891112
0.
0.45761839713132857
0.
0.2335752696222819
0.
0.6209324975939495
0.7320807719160969
0.3092702082755959
0.22619283040608368
0.5281386131324078
0.40525764388908525
0.12856070397952493
0.26903862439439824
0.1152354354468125
0.
0.
0.0386849131847135
0.8634637045454826
0.9550893909141306
0.364038216322426
0.
0.4346466117440141
0.3706370994584003
0.2505832751024184
0.7465696364238936
0.178278056410339
0.
0.5720383050327228
0.37321894010300255
0.7506088060710036
0.3948706070404924
0.24163781577028415
0.5948800357094594