0.28181360122084376
-0.047671638324759256
0.25727875954970575
0.20735426358665313
0.021906630753893614
0.055246319725780965
0.04643637041646552
0.0016724148461052446
0.16937618795633763
0.2773968549427229
0.2681147912159373
0.048093791994350474
0.2584350064207465
0.06502531450514817
0.07988224409682967
0.05060080067137798
0.1626201389407114
-0.10375438879523814
0.09972034771262363
-0.0010098819908432558
-0.13897894820298576
-0.09693912780915127
0.14002885696514508
0.12154042405405258
0.02060887971233156
0.017115625269164363
0.22185203747808888
0.07546666501515349
0.06811266082358342
0.0896445549004442
-0.127183258974574
0.14769802884853772
0.13844188406440208
-0.13190094062090701
-0.0684291658603685
0.027420064829719648
0.12460374852553271
0.08197386404738749
-0.01602295780973423
0.09402856924295247
0.13864383655387008
-0.1238478761004394
-0.06944915543386443
-0.03975632156398128
0.07509567412244307
0.2502235933146299
0.2217374358141416
-0.06715633242743732
-0.08257802961327892
-0.134375504569759
0.04332670872296441
-0.18258416492927587
0.15006802306554357
-0.15426221505535623
-0.13086087644881944
-0.028082821080318073
-0.13695224404668188
0.017120438404593655
0.06741683674829767
0.03567468193453421
-0.2813521201474258
0.03695930860490361
0.051571939428388634
0.010765613703452432
-0.23605852773533428
-0.22455734061276547
0.021751974179733676
-0.12276746532876737
-0.006644864755006748
0.0805374318345833
-0.0038974758544292223
0.09833540478824038
0.07857450757816069
-0.06310957911661048
-0.031461036021946755
-0.1592279705863278
-0.1397790441074127
-0.17762502416162895
0.2039466848224861
0.2750426246052041
-0.15225785391987764
0.19315256498172342
0.16989595017719808
0.1252451520093495
0.19256778756142254
0.18343328041123158
0.4008627339689694
0.1319389618154471
0.08868515758846905
0.15148619896230855
0.14930259266716753
-0.04635932904505921