0.08767078148302973
-0.009201144281716846
0.0827665946573418
0.03910515089720468
0.02323594869384604
0.030915996544343363
0.01705757401376046
0.0023870590024255493
-0.02565898426812045
-0.0009700102636237449
0.0242217317924215
-0.004145592997077418
0.05241847105809062
-0.039800140721375714
0.009182706453265022
-0.004265481043753348
0.0478694603640124
0.013568640033412717
0.01342411894136635
0.009759446531457565
-0.007846358386737029
0.01099047873784743
0.03231866766498629
0.002482887233604992
-0.03595857870154788
-0.02637984930742873
0.0534151753621747
-0.011709742281729588
0.01694320523847258
0.010531905980281158
-0.01253361451652479
-0.0030379774179993945
0.007404031197161234
-0.009911297172581287
-0.009828432974863176
-0.021393924716303244
-0.02990202063581254
0.014501699431737215
-0.014899121140555076
0.00020342383654510643
0.01466229529772468
0.004313206039649782
0.04599055138353321
0.020882167457939117
0.0023113551812967994
0.030229540207218675
0.02195877750819799
-0.018924705496236705
0.018066168191173942
-0.0012777184632002357
0.014791108977343977
-0.005871134633444744
0.012138229803229992
-0.024438043571732338
0.06890483925682511
0.03312636585406343
-0.04332019215970302
0.014203235704800362
-0.029667331968319877
-0.004843284917604731
-0.025533677560463156
0.02283689921452613
0.031409719151437844
0.008119371778367314
-0.009506882542450922
-0.027629741364880476
0.0018061897225712569
-0.02393293404910094
0.009282806364404001
0.017162561188764445
0.03371176142156409
0.0061587221518609745
-0.0269655101724216
0.0049994617645341384
-0.02380839228190819
-0.04699395334568629
-0.015950698807924046
-0.015900920817989248
-0.031181403511357206
-0.030953882956434177
-0.002995234481061423
-0.00037032105193174347
0.0026070914823923172
0.015474178005966371
-0.02511301180739844
-0.009453607025815153
-0.06056172327027307
-0.02079987080870944
-0.032272352436242914
-0.004218500423447664
-0.011831262584217066
0.06590432073953692
0.02195617567833675
-0.008846157893975203
0.0278576629211571
-0.06647424559000267
0.0018099329311035664
-0.025087520964026614
0.0019135816613040078
-0.03859507462622661
0.019602503235102903
-0.015355685494711885
-0.029892798873716837
-0.037862491740544055
-0.018846878098666323
-0.021504465222491845
-0.037781839188017044