0.03534065916465176
-0.594228852632224
0.45529012657132767
0.14418285723110597
0.6213415534314417
-0.3727583183299186
-0.6053115775122898
0.6245143051642631
0.7578926698802674
0.5161920587819193
0.44909088844963024
-0.09592470425179841
0.6258835182957904
0.6487278670320776
0.6503198367874057
0.5176454602638342
-0.10938544864777158
0.39272864281026054
0.46338604302928177
-0.06827319902973693
0.6146808277966697
0.7490598067972576
0.7886789739726214
0.42301114461787753
0.8953794718350112
0.6495932173241279
0.6086132796794607
0.5661504264808499
0.6416641908783272
0.7682827687932755
0.7209393542193444
0.7601402608509243
0.7262115549974828
-0.0772383973079795
0.6849044172688038
0.6754515051442602
0.6978965306256306
0.40110903369310585
0.7581136114605758
-0.17223456114467622
0.6036003178037305
0.6056214826465522
0.6660144770015122
0.2948429211199611
0.4523703102229896
-0.032816582048397616
0.5248782929582182
-0.7863872576074965
0.7230289107533137
-0.0049849611855413405
-0.2464207447910282
-0.27404244939946726
0.42740188438921356
0.42173219169555887
0.44606375788385305
0.12828858139989774
0.7983741969348507
0.40749097913248955
0.35278835741770426
0.43984899461692795
0.23860270677433199
0.6691650739916264
0.717995322099565
0.6226103805561995
-0.3350466880188369
0.957659968984622
0.9047799716447652
0.4027199175583671
0.6228870610517335
0.5478662341103012
0.7099620464913745
0.6039202961942975
0.49226804235925375
0.9556449693564951
-0.09165793656349444
0.21656198985540828
0.5698780301486407
0.7625888601278116
0.4483923492766294
0.17718117457823798
0.934982533280673
0.5921696952546245
0.016205133729109363
-0.1443967326137871
0.4211866816496151
0.7511286758256569
0.5910256549594535
0.42241718259744426
0.23593419474115587
0.60746435359904
0.14155239134030395
0.6404967433117366
0.7459961963461819
0.46919115504443865
0.435973850999573
-0.10583626876696922
0.3878688294186545
-0.34705623515218526
0.6860193054268072
0.09784367336512487
0.3092515429980662
0.6688608360603322
0.7346487343380885
-0.3119969815015375
0.37447307864962603
0.4883688750979329
0.6716821792910894
0.19298471121806063
0.42311217373387927
0.4947486456065986
0.5076777860825963
0.502120034864834
0.4804227921973502
0.632678440304469
0.4953456129121843
0.4345266755598625
0.6175238984481929
0.17577031495886491
0.448175101880587
0.6454287603163319
0.3953118642795349
0.4799194142359174
0.3872216600291408
0.5172761351102019
0.5351693954952857
0.6140262995471548
0.3684129158164187
0.5919751717639915
-0.413872648834158
0.698624125803408
0.3644543867676014
0.016604614238264898
-1.19765332883626
0.607500637760577
0.640652558333521
-0.3732842467288027
0.22863472858924186
0.4471418814227859
-0.06946666093994769
0.85761413924134
0.5332204798681126
0.6511687143203059
0.3595330776130256
0.04046399316058456
-0.15165745874344738
-0.46847247934471953
0.17976566840706196
0.38035069667187194
0.5886841600505973
0.29464350479287843
-0.17747757130643493
0.35586415789831705
0.8630010495860317
0.4653241604082523
-0.3613514153166755
0.0970212869635407
0.33961249109084185
0.4662614708944809
0.503913388603094
-0.1078552022622075
0.18076093193556306
-0.042226846499835824
0.7541299083267099
0.7370586472071079
0.683035539224195
0.5409239375771191
0.7526677400596155
0.1526940955629347
0.6269750848956676
0.3633744817099638
0.46745328534725356
0.5514115748932232
0.6832853560882721
-0.34798176483240545
0.5410293976873328
0.37937028969027264
0.8085048258946381
0.5168135400116436
0.10905584975922539
0.9627823533663901
0.6269608201898783
0.7157975009707812
0.047051629061910086
0.5488063387182074
0.2891261639845926
0.7359804954914435
0.4045765452904282
0.5836684534187531
0.5159264615012875
0.7532066804175905
0.5117945388707454
0.6168620824528662
0.494738692821507
0.11824912543485379
0.5826965962030516
0.5242376251087182
0.4733769535381638
0.3272815749745265
0.35084729127797043
0.5008555131489317
0.4376977614964745
0.4630480165623851
0.27691065474481513
0.49498469513266485
0.47279974305037675
0.4560007269123441
0.6633573179098216
0.29925804892058633
0.4276884747705542
0.6837483555724723
0.655237320055533
0.24473056943881882
0.3881648114921411
0.6885220619075012
0.5174655008442539
0.6430759135882883
0.3542400776300072
0.3386393673865866
0.6087079069388068
0.4464179991536172
0.15733805366995998
0.09700204526175189
-0.4860960113775617
0.5199401552325855
0.3902273874641865
0.5264780439641665
0.6476541343762678
0.2855354478916287
0.4512981704236989
-0.32042222636684753
0.5544203573261923
0.1635266394234494
0.4166974158180459
0.09068803812904802
0.427833910497448
0.13700939468086923
0.08932320895028491
0.5696770133248563
0.5152001709454471
0.4981065009544479
0.4705018002962935
0.7544931624873213
-0.2785421365219737
0.42859393948382346
0.6036392500786607
0.24764195334137168
-0.15913381951387165
0.5702774188437861
0.33591936013605384
0.3699182631672918
0.766200679943219
0.5739141183470272
0.09971923085906725
0.22509809089444097
0.3585879555062078
0.3240149153188471
0.2108718877609335
0.4993624033796907
0.143443780240189
0.7261622839892766
-0.3059794189070533
0.5376360807320845
0.2452055901881506
0.4014902357717683
0.156452067403022
-0.8723410283296189
0.6011342093669468
-0.5628636390123374
0.7608291073339493
0.10255616140724148
0.09457217355833519
-0.013681816851936358
0.2991417061521701
0.39067137956936543
0.31222655011392275
-0.14009327007200234
-0.5881143760091131
-0.06740089342894139
-0.06191151657496432
0.5659027191473432
0.029438008186691657
0.27879834622064614
0.14532079613613286
0.004869480673965287
0.15811650556612417
0.026524311347239996
0.3684433066214395
0.19174375550477968
0.2309681030856769
-0.059587149452930296
0.4904143773001427
0.13912909761212597
0.19454602959158265
0.43799620168679426
0.26322605801262133
0.3810808319800118
0.7699027030834631
-0.5530265040831747
0.43385972177981225
-0.022925233492341275
-0.1680696006618288
0.06415207384355306
0.5684011552372684
0.1992278584590747
-0.38637947217734836
0.5729839809360907
-0.4949754595607838
0.29161765330972395
0.685454434707227
-0.09863544960849943
0.34049651066252584
0.7883131301658969
-0.1922885823676718
-0.4122775854932822
0.5346652202278223
0.26623503138672266
0.5965059254258078
0.5781264535249824
-0.7500241609887783
0.6430016824973274
0.46972052087406035
-0.32811649555654115
0.3330174127089464
0.19952667933695437
0.6754202002519983
0.5298578076661462
0.2259133592035444
-0.38300075780541804
0.4408791633400976
0.39391386793283556
0.6368234024912086
0.482853368932232
-0.3237747715253304
0.5182328738347294
0.030978746619329638
0.6426539644668585
0.03767810045771232
0.4782665701047871
0.5279420898187988
0.7187957210160201
-0.362982538296131
0.4788544765980415
-0.35340619740135837
-0.3921987660184321
-0.08210812547133789
0.19011690235545692
0.03480964570933218
0.35148556275086085
-0.10662685383400086
0.26628604103602505
-0.3294264697206741
0.6132304233547863
0.6338273992439921
0.5450194201362465
0.3827209714841247
0.7321887405440718
0.48392547970433625
-0.456999944144236
0.5520563957130804
0.730033359701679
0.6199269574846449
0.4520095643247889
0.5986554473382182
0.6825455486466173
0.0874735816594071
0.3886639669722388
0.576617386138774
-0.10151871370176287
0.27818986409154745
0.3711692850200902
0.5260237927177835
0.5825812740138492
0.6014220925198075
0.5916774546689672
0.5358521473326742
0.11437848109123039
0.5470518506321845
0.3290602566458524
-0.14020912407458475
0.18007165551777043
0.4295489804119173
0.3905679168798965
0.030818041566544115
0.5721522111830272
0.2415463470707171
0.8489827570460426
0.5583896331274699
0.713251619193173
0.7660193884903203
0.7239479421398028
0.5632164310462645
0.655900054337342
0.535217523991656
0.6729919986761954
0.468173982164401
0.9039185176409948
0.49711125106849247
0.47434607136233004
0.7364151448308617
0.8233924935576289
0.3403731793177969
0.5420565336779799
0.5439996256603609
0.6867437551209514
0.8106054862922678
0.5498496282313755
0.7119557074215332
0.812964875051764
0.8575202446903726
0.06686512890469305
0.7494972288265945
0.5843992777025268
0.7122028658124667
0.363326129178476
0.6641862715996627
0.6207203734405486
0.44201700790712795
0.16405835109574246
0.17680425447889292
0.6975010622673963
0.8073921018686919
0.852913630013927
0.7349157462019481
0.384916537077581
0.2755992217023974
0.5017769064198527
0.46458811391737365
0.14872996463364443
0.3657499577591312
0.5323769516857455
0.2999604232544182
0.754354966863422
0.3712424608239851
0.6862481949044758
-0.11487449495737596
-0.0021076868435291963
0.07355174329408501
0.37465037567471143
0.2475635784980868
0.5443101615431867
0.5274178304526077
0.12226503318527743
0.845999845428065
0.5016004173145416
0.6567568911674692
0.6324548764998722
0.6314517827192695
-0.2530420488043304
0.7333984849926203
-0.10403485659825404
0.02960537727217261
0.4953127855129043
0.4762194133156825
0.13200863425293388
0.17941252295105867
0.26300968417840215
0.7970924905785396
0.4514589500148437
-0.09201006526736769
0.7649945713719126
0.7490966004750024
0.014496079783103232
0.060933318479060555
0.6819817590359403
0.36478131181177514
0.18105965678706312
0.5389753959726393
0.544426609970607
0.6950898752496809
0.40877304713813406
0.3735658595927422
0.15449874087743054
0.6929058366960248
0.4879640815198167
0.2947428894724392
0.4802946646020959
0.5231329041640971
0.5564677344911833
-0.26087046938528485
0.5896522357581774
0.6397239021409249
0.6901800929962836
0.31938436436720374
-0.05883738505845308
0.7211868569955794
0.629393098308449
0.6776327875732961
0.4084808034594256
0.14933868649671364
0.7466318943559526
0.6166691570856434
0.6958569033868567
0.5080937898026148
0.42659742951292884
0.6637668373363137
0.37146948534728336
0.5361171657967939
0.3007756087879683
0.6575045885725012
0.6926655639318406
0.4279543555361608
0.061161701360368616
0.19772131399650034
0.5258332971402132
0.010952565558013595
0.23538089504504806
0.42434464345597855
0.1460319966536294
-0.05101479996806955
0.046191922049591626
0.20459424563371068
-0.15137955663892688
0.16758073029008375
0.14284339587406586
0.1949556521462129
0.33373332368908526
0.07039406133893157
-0.18905128542025315
0.0909383181226446
0.14810904455035764
-0.04302352930889397
0.14440441111012645
0.01779498569292446
-0.2766502629967402
0.4578472684573889
0.6630479941247016
0.1724825897581226
0.02079785333434601
0.3068093053894137
0.40825905658486894
0.4014898525175387
-0.16308759223409033
0.029746887403897578
0.49657779156251464
0.6055764384683574
0.6020694517175289
0.6521044397340726
0.28212596007249247
0.6849821152963614
0.12639987455524157
0.5149533822465819
0.3182538672710462
0.7359897583548247
0.2631066312269581
0.35394913740189843
0.26391946789300536
0.36897246918567134
0.508126459450852
0.4955961897233392
0.3528470166137482
0.5538317871631093
0.3874509277338038
0.11606750052534365
-0.034573161708359154
0.32814802867414794
0.08466729182849717
0.4073846642853192
0.3526820532372297
-0.011979732309585368
0.2134696545961294
0.42176767513701524
0.10423221159115513
-0.10360663433682869
0.1567372107460901
0.35300364423102354
0.24369591337913893
0.5177234862766862
0.25994707789296223
0.3305332479694784
-0.2391599684438092
-0.04660159239380006
0.13002604130624565
0.08463255538089266
-0.16148526703488889
0.22643516293021038
0.018069052343133794
0.5643374810358778
0.41450472902579366
0.5820945455012888
-0.07588413558167306
0.4639683393661248
0.4609894602492902
0.13373625437007589
0.19688679494931824
0.49377990770189345
0.22627792959403825
0.2838350398448241
-0.5169213522047748
0.36713144680520354
-0.13198182323933796
0.006400292183006594
0.22213319136842868
-0.0008954468349057631
-0.4905604623611897
-0.2811308636924697
-0.3775070113981003
0.37416869976510964
-0.30769805189551397
0.2626624300039282
0.28546921043405626
-0.24860659313362662
-0.4496714415686548
0.537861158702753
0.4462261869169352
0.5297813623248513
-0.06320966160654054
0.349760191876359
0.32749090519375507
0.3671175508949368
0.49661825324045145
0.3841430745561354
0.5538849833276961
-0.02644381590815735
0.09038325289210883
0.13385679021320518
0.052265560825059655
0.03150776292531866
-0.021801895027141027
0.10197466088586828
0.2069484253665668
0.06242241572208609
0.5007855720673877