0.015402766632678228
0.012940640063259757
0.01025490472805525
0.007601144628425986
0.008737061337703066
0.007849486811788738
0.006553469304601177
0.007925298233761098
0.007116093902819492
0.009333782356876269
0.007934512434715046
0.005186910894998176
-0.003306177403325488
-0.000031389243604371464
0.0014090969471763728
0.000142984279290149
-0.0015125893042370218
-0.001238986175290387
-0.0035851850998515995
0.0013981849906262243
-0.003893234039919333
-0.010251183608386304
-0.011511174372982562
-0.01130201196409209
-0.010501002903302352
-0.006273434568765525
-0.013164260438925868
-0.014192038698001877
-0.012733316482464813
-0.012794309665855286
-0.015402766632678231
-0.018009708397797607
-0.011744469803723508
-0.0012241455733714567
0.023159796692839945
0.03774340675621458
0.051976032871981936
0.06888918807401193
0.08773845462279505
0.1057235192984124
0.1213701414561937
0.134550813671556
0.1535909784197667
0.17078694924101126
0.1852725396506444
0.19632914559182119
0.2038528531474365
0.21584995975623786
0.22212271589403373
0.22923543093235163
0.23731710782815907
0.24930414187489128
0.2568949676728766
0.2646687179255002
0.2683227123465752
0.2735322193794071
0.27785162773111005
0.2898525310530689
0.2919174850594118
0.2982247694730832
0.2991280090480906
0.30870047782079557
0.3168033962844942
0.3121565324437547
0.31531439474999184
0.32100859009706156
0.3193445301576204
0.31992262852828973
0.3301390158071089
0.3344502944638909
0.3282700700198537
0.32634114004874415
0.3313005589101985
0.3333798194428872
0.3287543680884911
0.33282111659556735
0.33404488445428554
0.3311832109642016
0.33508567247011795
0.3335099852700975
0.3324471228984496
0.3320753661515093
0.32825877465393544
0.33264319377691853
0.32764687992457864
0.3272279387993099
0.3330663098603225
0.32560966622023607
0.3290244444800557
0.3301628477642487
0.33203565996667395
0.33363427044258515
0.33014144184620636
0.33031245926629427
0.3219079584545898
0.3157542798997852
0.30950647874254655
0.304116408440049
0.29800741485229837
0.2921999545512369
0.28696762415067756
0.2809032203924839
0.2729948623585959
0.26572849876390287
0.261495410965122
0.2570341119286636
0.25212152581336483
0.24313376824406333
0.2395490295971738
0.23942649799148702
0.23654431847355484
0.2337925868395505
0.22958312705378497
0.21874426166150723
0.2123061987576202
0.21310029807774836
0.2084033302019545
0.20573872197583207
0.20320238147883576
0.1997534274498698
0.19383668375005622
0.18962813089898103
0.1914318137940962
0.188143745910559
0.18452114064915778
0.1805042947887702
0.1765346727254168
0.1714542626626817
0.16906764819003975
0.16101510795193355
0.15995095565403888
0.15704440789644414
0.15142196867486116
0.1448386196382638
0.14487728502337274
0.14423680247623263
0.14199557004668711
0.13839698929758726
0.13864183622109544
0.13900176135637263
0.13373329915050167
0.12869507636743396
0.12844262608036092
0.12612150944174683
0.12366537969258154
0.12512254704330938
0.12157184275267076
0.11972016359900568
0.11434483334357708
0.1106152010009628
0.10945352240299439
0.10633343278319515
0.10700371113270965
0.10389166106705511
0.10540586230019627
0.10657520611338392
0.10315006272749944
0.10060620786959076
0.09675473733848089
0.10030043639138901
0.09662648967037231
0.09406089906238307
0.08758201311364429
0.08779365602662881
0.08832576694972846
0.08225507203249219
0.08877422411345214
0.08282150385268497
0.08560747208931543
0.08145180563604318
0.0816819527519603
0.0775870890530073
0.07909108139534349
0.07681511319030139
0.0757610006299066
0.07705773159972824
0.07605776290374378
0.0766402117541679
0.07254713251222829
0.06976779275416647
0.07022682523056205