0.02159748429869839
0.008299175761982712
0.007496153657349508
0.012520959466212235
0.02709314234300562
0.024941033440653015
0.012355533890113998
0.008297902658960778
0.0004703966843131464
-0.02006674195952687
0.0003223771596230466
-0.006716255685303554
-0.0063406607407904166
-0.005154710207206999
0.0012035266258066607
-0.018202547910854662
-0.006783930084034296
-0.004685684434115559
-0.014084089452306669
-0.021722871113123897
-0.025497569834098652
-0.005368205055521981
-0.0027851122878130956
-0.01328348832836118
-0.018787460571047493
0.001146354813602057
-0.0024014494424934242
-0.004921225765226046
-0.016347721021303788
-0.023058254144052135
-0.021597484298698386
-0.02778363738221617
-0.01658498892054624
0.026467699273471736
0.06652008526863055
0.09304572198173815
0.1489834303910585
0.18522701943953987
0.21570121064274583
0.254631331275881
0.29588449525988003
0.3241292252257472
0.3476146058248853
0.3980046744393011
0.4194518556480598
0.4544019072332957
0.4736204524303604
0.498137061746564
0.5269684602461965
0.538869101648127
0.561485747537107
0.5644969272659492
0.570407112144653
0.5927582283672927
0.6235123192363848
0.6202558076122058
0.6245806464865817
0.6435238559462854
0.6557579411292415
0.674305471184676
0.6832984632567725
0.6868210253459459
0.6802284877094557
0.683098956490077
0.6898481206637351
0.6932687220122731
0.70916783293039
0.7187088989845253
0.7085403447005104
0.7100477699004069
0.7275316868046378
0.7334952487295855
0.7394084740267153
0.7282170548185354
0.7201711368607071
0.7159671501432981
0.7297566508947401
0.7372717895866311
0.7250473092616229
0.7276249999960638
0.7333852996892629
0.7367972028875002
0.7352437489068222
0.7241921210488842
0.7312858157826683
0.7375012111871371
0.7421242684864986
0.7600142300041153
0.7429245974043446
0.7453175811023192
0.7495524725614898
0.7488127729771812
0.7633133001761627
0.7624358223837299
0.7498360892805737
0.7536360853563508
0.745971231261547
0.7260048649060079
0.7251629920632777
0.7202245646261306
0.6982244089708716
0.6825443927394819
0.6644298400867424
0.661697568939872
0.6411353283664412
0.6161446930799173
0.6031883768222034
0.5925355851811861
0.5759389848917282
0.5773947038450451
0.5441977109888761
0.5376174166309357
0.4975798205198321
0.4846145161142669
0.47736036840771023
0.4688600460243496
0.4507482601571845
0.4247892940941161
0.41573464362069057
0.40761165167352637
0.38423204683471274
0.37508386899595725
0.351490266618919
0.349483317959659
0.32747523543837875
0.3191851396446258
0.2996619269332268
0.2942003241185533
0.2846484700094486
0.2640577432043833
0.24358808447525632
0.23093746227977957
0.20996707668454312
0.19974371492722612
0.18518026786753736
0.16372284396882208
0.1709502521987852
0.1685349439981571
0.14310141858068148
0.12282782287822704
0.11435679182482625
0.095313957490887
0.09134516848481238
0.0894505973866043
0.07896162205349143
0.0771523270459504
0.0537692790456454
0.04718061651463564
0.033638041493228084
0.019118074230885657
0.02333928032249744
0.011231411484164275
-0.0040527070666034745
-0.009339715176938237
0.0035090762388883404
-0.009494140312767865
-0.005833626805235617
-0.04095477076797014
-0.036294240707107905
-0.04668344831324842
-0.05554623134296578
-0.03956580586324633
-0.059618847444987154
-0.06955516726126293
-0.08450438067753124
-0.07401872639693292
-0.07735508146804151
-0.09598591642481799
-0.09742497241318426
-0.10740486310961006
-0.1153907158215527
-0.11451218002939391
-0.12472225375304843
-0.13963442928741637
-0.1362190584835925
-0.1462868623849635
-0.1634303902951748
-0.1668123980925201
-0.1793593896863836
-0.18324847745742337
-0.1834122674045962