0.003775523601199375
-0.009610122970225673
-0.016752968862848536
-0.0003539164519557074
-0.005073468190983522
-0.005389681604264723
-0.006646953879071177
0.0032789032662961914
-0.013124404883327742
-0.0011017684091829526
-0.00651066200136867
0.0012885236930396367
-0.02153420754022739
-0.010779876805007173
-0.012763539563995714
0.00932184538408811
-0.0012379044632274661
-0.002949790916474384
-0.0112370301771365
0.0017014205107552245
0.002957431423801091
-0.0030287482691276225
-0.0009806197913121934
0.010366964903389722
0.005663293063801486
0.015748023979465717
0.017549413250507392
0.008847214591751593
-0.003593171388216387
-0.004532133791839624
-0.003775523601199369
-0.012195360471061935
-0.018069924462973702
0.00010289423700516743
0.02648810243190211
0.05471149271590694
0.08045414579378078
0.10013487282482603
0.12306691595525407
0.16430146657617048
0.17852812115027006
0.20027614380376338
0.20878997901032326
0.23404306168001654
0.2390898516695663
0.2397162504049573
0.24832682446304002
0.2516613025703171
0.2554404570788398
0.25300257496760975
0.26557051623466293
0.2798101937393161
0.2851659223663585
0.2972350308680391
0.3176255671614926
0.32796160640228617
0.3318256457646756
0.3582203311024981
0.359531722476575
0.36284472213440794
0.3673457263083808
0.38440952698596514
0.3947444958297933
0.39071078022547673
0.41172241916330987
0.41461858527279766
0.3839804800590075
0.3914777216776201
0.4082945592809678
0.40621021738597085
0.3947858547188504
0.3782690036023151
0.3982045357282536
0.3929300271885184
0.36513462585564194
0.3682975375672638
0.37960539120857334
0.37283308145265437
0.39844847321345056
0.3661061947428606
0.36716783024547706
0.3613602169659925
0.3674555522514768
0.3713418477001135
0.3606181386902144
0.3627167171993457
0.3682544458825499
0.36662902495155175
0.3699639922518382
0.3662706158757121
0.3722380183579064
0.3754882491916654
0.3594050865219541
0.36531703365266266
0.3573001608754588
0.3385812403461144
0.32759137525946697
0.3253843180952495
0.32146132928642757
0.3114270077333499
0.2995166183991586
0.2794687891648937
0.25350781523834903
0.25214497178525797
0.25685846345084995
0.2539644761609036
0.25265464760782164
0.2567553198640576
0.24103464998324148
0.23335280977199094
0.23366552200822702
0.23751886592667998
0.22568464358929757
0.2257097297496134
0.21274267412758066
0.21712098490388396
0.21710635302226636
0.2039844955062594
0.2005354009012532
0.19570096679471033
0.18142047709576611
0.21020370216308107
0.21248981223122984
0.21131588204768628
0.19551341319565746
0.19236837211472516
0.18435512657065786
0.19073959073122526
0.16851002434972126
0.16098959120492354
0.16072472118572897
0.14488181916587065
0.13393624598214884
0.12758108003747945
0.1321362445548593
0.11300288020619446
0.11682166681787846
0.09859298472766521
0.09775588885288217
0.09091912787624572
0.10335737440563891
0.0971305457013606
0.07887748805902835
0.057540280594950706
0.053499269323928886
0.05265624901388217
0.05453354808941335
0.043444709185512395
0.03320150875501487
0.031687554981286774
0.029483714876831223
0.01528463099698712
0.014443956734262143
0.02770388655035345
0.03970366037427722
0.025813162805662013
0.013411706440146828
0.01417162096498991
0.020438071107177647
0.02761753262167242
0.016475378028965756
0.02528063458781384
0.008655626898751817
-0.017190115118159884
-0.005736692845612914
-0.008836645896899297
-0.023328108861321004
-0.022808483758027347
-0.01361753380283722
-0.02185875671711896
-0.02752992621051121
-0.044376890628359644
-0.04417943308522846
-0.05618986071263598
-0.07928942219795074
-0.06643817203181214
-0.07050986839471045
-0.08200367615167171
-0.08411837650893154
-0.1006576674945659
-0.09891675499234362