0.015463547796847131
0.013969790271758313
0.009725417128321695
0.00986225557337119
0.0081693556774702
0.004948569681689099
0.0013544613659341675
-0.0008102108447605698
-0.0035149349350668256
-0.0006464258789998236
-0.0015792461359037406
-0.0011366430258428438
-0.007729959436311759
-0.009091311680513456
-0.00706451173127812
-0.004753838720767514
-0.00782036655899532
-0.008610387098861546
-0.007010197078184958
-0.007007047637087829
-0.010842077803507611
-0.011351966423382365
-0.008361116022637866
-0.012013187701029502
-0.013754851325798565
-0.011552171527504174
-0.012032988922876495
-0.014980192340791797
-0.016982455165956888
-0.01960450619644936
-0.015463547796847126
-0.019971598565547383
-0.012391433396570277
0.003939427926156098
0.02458998390533496
0.040086803913501674
0.05576037681948268
0.07388696980892819
0.09152933442111992
0.10827664408987431
0.12686176024256057
0.1409013307131012
0.15687547985417144
0.16958452478207545
0.18047609927010888
0.19496952038784415
0.20529094189374747
0.21762130818408168
0.22495126177420588
0.23562579364723396
0.24414552149192048
0.25426542503003025
0.26089144420485016
0.2704138120043752
0.277245095245484
0.2834728678037733
0.2863308710544277
0.2942562720452085
0.2995218934242626
0.30364452782316875
0.30424255841879944
0.3095695169385839
0.31476876691503075
0.3170916881851543
0.3194590433655577
0.3191643658152687
0.3244285172484401
0.33090502970870744
0.33604634288134916
0.3376096120339904
0.3341000939736009
0.3363550353390863
0.3413815126022885
0.3430017716725245
0.3429198386675522
0.3443923318086493
0.3434025712274297
0.3450366405948369
0.34758305376334864
0.3480266410845696
0.3447130885832557
0.35118060136251944
0.3504266979744697
0.350447393678299
0.3515932507373909
0.3533329646977885
0.3559925487764087
0.3540112614037179
0.35223323978924675
0.3513705995895011
0.35350518892540034
0.3568320480214617
0.35598155530668696
0.3531906943840103
0.34773526745896177
0.3438852779763645
0.33390529896493354
0.33152816581217187
0.32177067287621836
0.3170459280005849
0.31451953280874695
0.3071762300776137
0.2989830788912501
0.29141191025818103
0.2831658382178501
0.27620895374848997
0.2705177110119963
0.26303438000262463
0.2580601524670993
0.25383681599356844
0.24832163446805672
0.2405996073822163
0.23102147579270368
0.2292284949369332
0.22062119154367074
0.21631488920007969
0.20742549613266995
0.2004186545580763
0.19784035502944372
0.19224206047963777
0.1834938570901002
0.1770493549097775
0.17478144625092723
0.17098521049568075
0.16577384254801286
0.1587326710025115
0.15470691843388382
0.14867772612776492
0.1458710189299961
0.13887910990320332
0.13612879747188047
0.1328734425642516
0.12563537608426453
0.12017928711102341
0.11639575105915412
0.11410705772208359
0.11245700468317821
0.10701156245962264
0.10557465420126619
0.10423644392430903
0.10164104438894955
0.09328301062644295
0.09119136681143421
0.0892334728139001
0.08491265002405207
0.0854624958573848
0.08223600191522988
0.07459177571639293
0.07348729249104483
0.07115366609451919
0.06608680005345866
0.06705110918126901
0.06931398387467069
0.06753308900352083
0.06562325013999466
0.06360276692730324
0.06158180379961641
0.06022934541558355
0.059166123205324384
0.059472300011173304
0.05817246210816057
0.05767059671330516
0.05562716696790875
0.05417100662709644
0.05305865619416925
0.05360492546727092
0.05484440102917102
0.053624220730104
0.05179313765443311
0.05065940060413877
0.0484448012542582
0.04740377185635129
0.047461624227742166
0.04359185001463506
0.04287060941140662
0.04386691880552099
0.04431530419816327
0.044242008856925835
0.040356298334774714
0.038222566428091534
0.03721359925367239