0.0035334265053918
0.0040134824619056635
0.004113183891701108
0.0039389407338632
0.003624799302097944
0.003578419018948126
0.0037958599514569323
0.003721560355491521
0.003219834242544103
0.00367910831719913
0.003476228833823847
0.0035641295288215916
0.0031634752148922024
0.003614947930205617
0.003173552782523705
0.0027149432717015693
0.003004593275815783
0.0028871105178194705
0.0035784940495945015
0.0033240075343218558
0.003216725437187876
0.003619208225959695
0.0034678126813228035
0.0032878394315328944
0.00330137007933057
0.003912287755445918
0.004009233688483227
0.003973251989101159
0.004018707938921053
0.0039983918612281
0.0035334265053918
0.004377498983253999
0.004465482252557094
0.005537552048942384
0.005640373072562721
0.006006233114723172
0.006595831759310449
0.006709717907105593
0.00716313346696003
0.008877841054330527
0.009735342588164914
0.010361747977994589
0.011130050443575427
0.012249792662947323
0.01249839783139606
0.012856251385801229
0.013296650650224083
0.013602133239384223
0.013708395150938153
0.013914957972720817
0.01393291291824806
0.014162896691050397
0.014440137484967034
0.014529916935119293
0.01445632656798303
0.013984240697154867
0.014598552367491635
0.015118535964978563
0.014383862161518183
0.014621654898134585
0.014828005877517477
0.015145354374218094
0.015461019397148315
0.015521300912802875
0.015263699712450582
0.015315140759878268
0.015496531386053851
0.01561923026348096
0.016024982726091916
0.01616878719630599
0.01602191763702771
0.016069842870655007
0.016030201993556144
0.016628149406177767
0.01679122472245591
0.016616956362556376
0.01681640848830781
0.016622656537616964
0.016526419084896514
0.01661967461695363
0.016582650764398958
0.016774165137652643
0.01642734500764548
0.01685534995256454
0.016829373597761616
0.016477068288311955
0.016597680332880744
0.016288906920296813
0.016645011392491908
0.01679623798409767
0.016900256282323584
0.01708276423874024
0.016649286627968076
0.016849659681795408
0.017011606687809322
0.01652567615774428
0.017062701827053196
0.016811239122585076
0.016481923341154114
0.016524762411190545
0.01666497593819714
0.016408097453481433
0.016694144337969244
0.01623949886991918
0.016085449062798803
0.01613479212538444
0.016263996843745743
0.01595868767489774
0.0160398161460391
0.016169790970073452
0.015917851152868392
0.015808782887611752
0.015729213615173748
0.015368743380021069
0.015271800749870952
0.015018396220448338
0.014937644853931857
0.015029564299016704
0.01478987396682783
0.014569323532370658
0.014512688387503258
0.014589253916743485
0.014739679554356445
0.014558788193203583
0.014631299957423304
0.014482895152695761
0.013963355368017884
0.013934752020807682
0.014066771959778106
0.01372205697357351
0.013753948772786458
0.01336955927434899
0.01301851585706863
0.013263288536839786
0.01308056752982116
0.01318709610248907
0.01285710862021236
0.013156006364164237
0.012980998128101783
0.013418736298144184
0.013060741808499721
0.01261723879297848
0.012351971977281407
0.012129531879624698
0.01239866001212223
0.012450914520312757
0.0119987950469546
0.012141030658512955
0.012188650408603124
0.011542241943210648
0.011867572716905582
0.01196582359723233
0.012247773315068107
0.011689539697121274
0.011822639735958918
0.011685376682388022
0.01158547240845882
0.012161966717451197
0.010984643611181923
0.01139601196647638
0.011853035675721555
0.01150027133438574
0.011700794495328019
0.011787987090031381
0.011179283059958259
0.011064495971392491
0.011537329184711736
0.011465720016973381
0.01186492839445544
0.010993483599402158
0.011214157595894295
0.011883380719688594
0.011681521123743177
0.011400101120047692
0.011430637997243073
0.01187708987479416
0.011919018704064222
0.012487595220213346
0.012276990008632426
0.012041048426222934
0.012178606508758232