0.006710173248937401
0.009113821800022109
0.008960686180010252
0.00928860063002382
0.009234734510077423
0.010446086721983432
0.009779217633136475
0.008247479770876129
0.01121062889876992
0.006930453426369295
0.00900795594690305
0.007782595395154587
0.008110041146550033
0.008808872258332628
0.008388137299820207
0.008487417174757548
0.009093341472688464
0.008324899112343773
0.00816218520300747
0.008509562067214578
0.007920465653726125
0.009673152891888165
0.007780822360472186
0.009278613756819666
0.009262225127373024
0.008812356855904683
0.009155998657738747
0.0093118147450733
0.009497019297042216
0.008699365397891673
0.006710173248937401
0.008294036509421352
0.009993769589312364
0.011229223744143237
0.010816816946096049
0.011064989400186655
0.011999813502871916
0.013446540748305305
0.013385942093822116
0.014327209537093918
0.014816764185621917
0.015371681245669571
0.016940945930894867
0.017069080684983112
0.015859718786431273
0.016279326202295278
0.015517344775744435
0.015948984743968702
0.017096709992622618
0.017024446586296746
0.016432474756569594
0.01649265598882346
0.01653586913035715
0.016756414457884356
0.017078899589697813
0.016631768756288093
0.017078423786155324
0.017763131249638544
0.018139617770971735
0.017350898476358546
0.016040431864873302
0.01709076822309376
0.017039361599412918
0.016913229730823674
0.017480746192902106
0.017384477239301893
0.01665160512952048
0.01567698026427872
0.017344717036644267
0.016313809008937776
0.01728065432733186
0.01769297092359114
0.017036193956164077
0.01736271913715257
0.01802088857668646
0.016257772976187225
0.01682448732629122
0.016026296734486273
0.016419771043847422
0.016531596395205697
0.016212608067252585
0.017162098215938795
0.016802547778244484
0.016639194485457406
0.01718668255449143
0.01748310120093347
0.016613386296795853
0.015480810885674422
0.016445623223859153
0.01664519715247722
0.01599268145084657
0.015940826966777524
0.017162044950218686
0.016913577453101614
0.01672344124358515
0.01551736495537858
0.017136252794912342
0.01715666075833752
0.017103002914199614
0.018587777365846433
0.01803340800052093
0.018076972380534802
0.018969671829189433
0.01941969436951467
0.02001982794418408
0.02135084642561115
0.020239309779937657
0.020595767123710425
0.02092452600942931
0.021080302629336842
0.020356619985040136
0.01966677859571704
0.020383873774378516
0.02135692018693541
0.02145872179540651
0.022657995071396007
0.021939888239561316
0.022242973117280303
0.022770045868886063
0.02258577299523563
0.02211907971946753
0.024033318805938755
0.024607782135852418
0.024027492599873152
0.024332169840038196
0.02407818919833523
0.023968572556974956
0.02290841191756143
0.02475958939654436
0.026718507696845938
0.025644780967333792
0.026320408520695858
0.02599400722972403
0.026692014489786853
0.026807021368373308
0.027067320819765227
0.026601511458372768
0.02747397480162645
0.026860787715656316
0.027166207813692077
0.026762195181944212
0.026898860106295906
0.027190076207261802
0.027993019352123255
0.027508917917649055
0.02933549552992955
0.02891814925207272
0.027840122441716467
0.028011638645015446
0.029440511545673582
0.03146379727915397
0.030454808799308487
0.02991048497136177
0.029216634833835825
0.031186996774454346
0.029873405761786695
0.02964744579472353
0.029726148296244745
0.030187056832760913
0.03173029070888205
0.030758341492889862
0.03191165823370085
0.03180343077386341
0.03176367233167858
0.032325406127656386
0.03267499911376331
0.03269342058092025
0.03191431534124821
0.03163013634897131
0.03316439828955576
0.03250649953162863
0.033486367111002405
0.034146114549784966
0.0332196758182485
0.03266318670078972
0.033789460918296106
0.03541417798843972
0.03468912997826257
0.03400949395153201
0.0334951160297723
0.03357069556759153