-0.4941464676620229
-0.4717276237824061
0.4719695050413782
-0.18395446065724208
0.5848642854711736
0.21361238732967375
0.23938406221415717
-0.3399728033601776
-0.2044896740634443
0.3872889787948854
-0.4750392349624462
-0.2242157508619282
0.2730338641739327
-0.3383342573256357
-0.31764919178044504
0.2161860813216746
0.14990500843249818
-0.15677311668600777
0.12746023304858836
0.22381709047773043
0.26954912306742085
0.22299748855019866
0.2903967605490062
0.3193784952793454
-0.3153868733401226
0.28387260591733626
0.2564469135982356
-0.20645959135917055
-0.3143866637902663
-0.13911842567732682
0.5077777777537827
-0.16301711361649834
-0.23142248760669673
0.4782561388426119
0.14520160255909834
-0.13429290913781122
0.21763911845060238
0.5128321858155345
0.3732248634356573
0.27294455062194056
0.13312529355969688
-0.2524324712239397
-0.3214981160345026
0.21495501693776253
-0.32163480835569247
-0.2454122519502242
0.5544586655065331
-0.3179042212070011
-0.1891896961276681
-0.29611752239029293
0.4304772797192883
-0.3297417970003747
0.2042488794231104
-0.16787693365840262
-0.19563035589581682
-0.14664916919264373
-0.1664826659725825
-0.21223281699577817
0.3634672010860353
-0.5566365560914748
-0.41006421965259865
-0.13706931443847062
-0.25746313075741245
-0.23828465048499883
-0.31766306028111496
-0.34158164570746014
-0.2335282940656548
-0.2511959909185996
-0.12068610142768023
-0.20870963344549742
-0.18373751586988124
-0.4704246076635142
-0.2219434146153107
-0.2994339506105163
-0.37163994302362857
-0.17569379117473666
-0.14819970685481956
-0.28366267793855965
-0.14044452740096727
-0.4962175606461267
-0.17727251830206675
-0.22470483271813058
-0.12975431704949053
-0.24888273125678523
-0.4041965010733076
-0.2655508797203668
0.32100684609233227
0.5356388805018856
0.5453122326385724
0.1722482479520662
0.18243167517303854
0.2532469922214937
0.22214424822428297
0.2592440851653938
-0.1598981193122196
0.4034015246657464
0.21618303870273048
0.19040249568809425
0.31262551950768125
0.10973648337005483
0.32100684609233227
0.5356388805018856
0.5453122326385724
0.1722482479520662
0.18243167517303854
0.2532469922214937
0.22214424822428297
0.2592440851653938
-0.1598981193122196
0.4034015246657464
0.21618303870273048
0.19040249568809425
0.31262551950768125
0.10973648337005483
0.13543447515187348
0.3227214715920685
0.4584703401656324
0.31956173590176273
0.1127585699386847
0.39271403641827285
0.369409805228303
-0.15616871798200435
-0.16288647049107438
-0.20050223749019705
0.1721562022832858
-0.31276364304063964
0.2615039106757778
0.35945715074224144
0.24453345229458473
-0.19207091961154138
-0.2016674063773466
0.20733893069859718
0.22104120317639622
0.3785454600708572
0.19342688150359966
-0.22338017136437696
0.3904423993877226
-0.13970481619239908
0.27330673459162363
0.31861795304631196
0.2995859020601796
0.5810820130368077
-0.14971698673178718
0.1403951795072884
0.4749257493001433
-0.28313866245338243
0.3454618338455316
0.22308529335947772
0.32583264759040037
0.1586982716791423
0.4305468878264557
0.2564627847455192
0.3696620108770846
-0.17876478761630085
0.15641422054935572
-0.37476690615134567
0.1612681445315651
0.15959769638541552
-0.3068854527767326
0.22804367221673807
0.10039473950597351
-0.2961979948797166
-0.1229844557967713
0.2900870371578757
0.35658517060318456
0.18226748814826224
-0.11838049825526666
0.3847352019392522
-0.3881303612401165
0.12591457953902865
0.27967610769349893
-0.34406212556480825
0.32931584022087723
0.1212687774804728
0.213092734352626