0.043991966937234825
0.05815943981768687
0.21424440252542803
0.18764540864542226
0.01992170174141736
0.15495577246772452
0.3197121191953779
0.14589874769853042
0.03200093909636097
0.1925560927931088
0.10599202231271096
0.12372822966793355
0.34980592499545776
0.14295677949527413
0.18304327730250475
0.08158497165642861
0.05162561120268729
0.2103196858902495
0.036147048919812574
0.08057649208753821
0.14117001635380005
0.5083530316684027
0.19875611974438673
0.14657828873388468
0.05034323799670648
0.12659647368246152
0.044597901993831575
0.16807031836258823
0.2637650936994659
0.17819045482498666
0.0791566385844883
0.15970944448535665
0.17068902827195673
0.2379537306858291
0.5202660517334073
0.10587091145452221
0.10370585295592698
0.1331071107491967
0.07022607985033924
0.12520900087687173
0.4893590248184774
0.4333130049641625
0.014953472043435894
0.06488435365851614
0.2925934901088159
0.39200001784462013
0.1867715272924551
0.2074179918481555
0.22462181224265712
0.13925207894753713
0.31415103434588465
0.28124812576768704
0.4268712557650579
0.26512731388449706
0.10496500697682222
0.12531818454987234
0.24412755713827156
0.06808924848550037
0.1121667673822181
0.058083582852141866
0.10391414960381377
0.17714447723026183
0.0812632478302521
0.3163728990551284
0.1051988364818546
0.13026467938252717
0.031380556694237484
0.0729330010288357
0.05196218134452894
0.06283078068019844
0.2972935900553505
0.08141820530746834
0.0833734891605705
0.06640780230982889
0.1498877162182964
0.021080774860670316
0.07466492428389032
0.058474821248334155
0.09107088001433444
0.06225149059484675
0.053354163059539626
0.025660493152768103
0.022342750788898632
0.09285652772906926
0.0452449716673675
0.021401747076106727
0.02643499608800122
0.03586898781528706
0.055487720921128296
0.07090702438750036
0.043599664493661705
0.05088802257481478
0.0712260631583133
0.06553071584330518
0.03869887344815222
0.14176865931396634