0.3946273285674333
-0.40133152073979417
-0.7282852736202525
0.22655346972794155
0.2799356315181904
0.4457784411769988
0.3141820972643601
0.32343565874990854
0.4943269491248074
-0.3568194680928648
0.2840984001476986
0.19992050046042928
0.27094854229749404
-0.23149010527535105
0.41464228283788385
0.3132761930108538
0.4830223214327284
0.393580564195662
0.4204927333880967
-0.2070966847922655
0.440820527621151
0.4472254145058088
0.5090958620600398
-0.26128833642391225
-0.3679615741807981
0.6756626782289709
-0.37916354388948903
-0.36152162861305753
0.6488991596094157
0.7793018623011546
0.3042191037499899
-0.44235706222090554
-0.374327067681962
0.3125562860815002
0.30878276827948775
-0.3477706314309186
0.2522401213887425
0.21860326505987893
0.6698119230298057
0.3403798207166681
0.3324490518092884
0.7694556304312796
0.4384775112755164
-0.17674738262600018
-0.2759321833214294
-0.42794549331487836
-0.38490976691584683
-0.4613371144835264
0.1796456310008174
-0.7044456308287267
-0.5324196887139727
-0.34504248228300666
-0.4171702515892801
0.29895877278140603
0.5746455686718561
-0.5253535254155453
0.3768548409411656
-0.541470966194813
0.35050881908756454
-0.5799484230298257
-0.20141543637063503
-0.3326771130480114
0.29345115660335735
-0.5361001912772265
-0.3948313104137845
0.25354022946558624
0.27072210954391124
0.3686442437687161
0.20256761938543824
0.33646670097529374
0.19758150952120407
0.17304333731940014
0.21771763204575467
0.24710064209652852
0.2087179033745943
0.4656484307772618
0.4974610179426251
0.5266943211719529
0.5704822257070072
0.4143613176576225
0.628037279616337
0.5531118574494435
0.46294491903115714
0.2991849897696484
0.41765717565874005
0.33066786573144974
0.35785529967005547
0.301895144265866
0.6026936071043999
0.36659357814949856
0.4864808108072312
0.540198422790686
0.59310337255064
0.5962721404189254
0.5637885163785481
0.4760500266836395
-0.7710346558786011
0.37151168528588724
0.7042663875145532
0.626477334653583
0.6112020145406062
0.5300483359412281
0.3343755401544722
0.2073356093182702
0.2650138152772723
0.37012950359938
0.4292510775048391
0.5875606681101546
0.5264165782568201
0.29253912883281735
0.6367049311934435
0.4241615119264488
0.5009442810479745
0.5040967715830666
0.5345397724701856
0.5573843332896677
0.5874651741687446
0.3047304352721241
0.5242704342302802
0.5681796692390202
0.33897338598821836
0.543417385872884
0.2635005989408375
0.5213344703849484
0.37175519073737595
0.392359643582947
0.25364283862439957
0.5027919129488985
0.6695839571005537
0.22787572935880832
0.25214905891874373
0.6280527362283472
0.3917134831573617
0.6829523762618273
0.521957469599861
0.5196588995787187
0.5154705698160137
0.22206917703635895
0.4498767805051778
0.6254978342412604
0.300544685839308
0.567566212261796
0.45375064821162914
0.6513467728692713
0.3991298938412929
0.408324987983965
0.410857701016459
0.4488011461879484
0.19284029750482207
0.21143303217695017
0.32768350643492244
0.3639495068228141
0.31795690632122064
0.33969385071036196
0.34528900359600717
0.39273317851068823
0.38828236728196114
0.21422367792857813
0.13626374803533445
0.4283369172866617
-0.22014648272320655
0.4189296529236343
0.21326299717956534
0.6894820549757015
0.37373355460196594
0.5819993429098764
0.524111220402133
0.49106940678517325
0.3455182024147964
0.4583514491449721
0.1713742720334948
0.29369159257227995
0.29097449086054833
0.4919694612443011
0.5680089031042422
0.3229296749515788
0.2424075389254334
0.3366253005634762
0.37752356677045523
-0.3754421271838361
-0.26479844100175415
-0.3808953297003428
0.17811938681387957
0.16907068650113896
0.21863362283568813
0.4475321208834963
0.32643153747208453
0.5187256911028145
0.6425651649643999
0.4767994534495304
0.6302170735070572
0.5059775362488104
0.23753115084392815
0.7340155403031475
0.29417973217452986
0.23031390220701514
0.5692622829741044
0.3637683631164946
0.3628800308495595
0.23261245253914642
0.25744111570104367
0.772801738898999
0.5358526774370341
0.7172256369869541
0.5335423554422083
-0.6179585841374378
0.6886963728898376
0.4323115897606567
0.4506907290127302
0.44017201938330425
0.5865069502082723
0.6323311163399975
0.3302517335481086
0.4208290221280216
0.3144581008537908
0.2814232142676323
0.4905743920871803
0.38421094069621364
0.4837051661934249
0.24200631057337518
0.30857097984227333
0.5443053290629766
-0.32452187229587576
-0.5304810589031723
-0.6127884296337909
-0.5972298828748327
-0.7042214649833576
-0.3421155974477523
-0.2909134555002328
-0.18161270512551914
-0.46413771331452564
-0.22727079988023538
0.3271588737584884
0.3207757790914563
0.262604770545868
-0.6846588371193697
0.18529799604108477
0.5197168819036939
0.2748540050337601
0.21847880985385393
-0.285815047933263
0.3899873841225402
0.8061402470139347
0.20197810154427182
0.47183900311282095
0.48881668078133833
0.2733638196674437
0.4007790685617084
0.2755670444924657
0.4789895269849274
0.3601956888520988
0.437346653588264
0.3749799258302152
0.21918860870623816
0.4250510030819377
0.6084367869643581
0.23855936075907258
0.6672169939279384
0.1644444142042821
0.3489525631252735
0.6868536797062536
0.617411427545581
0.19628752543298728
0.34666031789574697
0.2586061193695481
0.328703597991347
0.607915782643489
0.18456269851494506
0.7851608083494481
0.3855524404763587
0.6425605142768447
0.41372785839740017
0.4751854318188782
0.626813888392878
0.6038482401261956
0.22081582492225788
0.2057438594979663
0.25771280600648566
0.26272561782076603
0.5583778925749096
0.39148893510768135
0.41271094348587917
0.3849600785496288
0.249747019123752
0.48859448386508786
0.32893884354928754
0.3639549266299814
0.2454604326421531
0.457848765754791
0.6845788705782432
0.359166655141244
0.2827673805412498
0.3436448023629636
0.14889095094973245
0.667245061174927
0.4324303302716883
0.1827261829279524
0.26157766165269636
0.578449273400875
0.5687772832188854
0.20169706957813113
0.28825674205998253
0.32376425871884823
0.27901154899074815
0.17858047308690134
0.44013665598855883
0.2842911751815448
0.3549251634521742
0.28495959961665196
0.580664977103952
0.2974742063731278
0.28121013106728726
0.22045314342044542
0.2814886525390654
0.24314085645376365
0.18948934081763863
0.47630706282621593
0.20508462483906056
0.47134641535960703
0.26016060271812885
0.23940118899200694
0.41336653283245084
0.4055404612888725
0.48707890617334926
0.6102375475364181
0.3717692737291342
0.3860727560335923
0.4424368943796871
0.47041879746303716
0.514929539274446
0.34837427918746927
0.3690498680882289
0.36540051538408524
0.21017553208433695
0.30395096589017007
0.15501953676115854
0.38203471180604803
0.4492820572665278
0.4258208543291216
0.452791897989634
0.3861482996485409
0.38086468665309947
0.3181437549744334
0.4140299708506674
0.26235260134085114
0.4476695097379117
0.3463428004929586
0.2944727289101597
0.25503777122294774
0.3089173112644424
0.4177306245826259
0.3303770131470775
0.46926247599743903
0.2229738425144268
0.46135695681163175
0.42500847548597726
0.28883713172645903
0.25386897627517563
0.5238701243480516
0.34879665592757253
0.3453992771426198
0.5270432044701285
0.46016071024679317
0.44569035866294054
0.7443880083774193
0.5761354895768749
0.6431829668328802
0.5153943253970136
0.6220061054978584
0.4925124184082338
0.38181911954150366
0.43179821698868026
0.5545672985370957
0.6507304802031081
0.7724610880459656
0.5946804782807557
0.5365094688718216
0.3203596620445989
0.4713258122119207
0.39469723475401464
0.5996745648614084
0.6723810309846107
0.6602440121906901
0.4405205515375324
0.31725500759316977
0.5381471884025623
0.5209480941420598
0.2311215888302164
0.4242217662386442
0.3756468370621854
0.37066071242202864
0.5923980302263505
0.2912605217662896
0.27975468397482556
-0.40325372068383347
0.4221924509071391
0.380916647696015
0.32377650349389403
0.46487248669890374
0.5602072148449759
-0.6798878867842846
0.31950564941241
0.32048513958163943
-0.49535199276435865
-0.3811709130895569
0.23810981417021548
-0.5960863906224179
0.3615133336853092
0.39146811649458657
0.6051693613521629
0.35269680503832435
0.45047213131697966
0.3071036760059541
0.2927800104104319
0.6301567921881529
0.20309418073288502
0.20540159945439224
0.2910561278941658