0.0031084096067102293
0.001486075735331385
0.0030290595661791545
0.0007349351306199679
-0.0005335878336383547
0.0008296580400056317
-0.0005711657069586336
-0.0007743434675715774
-0.0005961843193434365
0.00021149282075522862
-0.00016223889931082466
-0.0019372653242151153
-0.0009749556640856206
0.001871371886735123
-0.002567533544095655
-0.002519668113767938
-0.0017387308664098943
-0.0008064030444837573
-0.0001109169349503272
0.0017467973997388323
0.0005292180431403039
-0.0006747042530797367
0.0007500723768734701
-0.0035876607783498424
-0.0008381525177387462
-0.0008716225287922701
-0.0022012996454677425
-0.002471891358976788
-0.004725877487037924
-0.001298362464061715
-0.0031084096067102275
0.0039462208953960085
0.030495781260113028
0.060493499702616305
0.08725322276384839
0.10404529269453387
0.1286113565543519
0.1489384251095821
0.16883044016267293
0.1893679867679309
0.2082885158336253
0.22300282422780923
0.23606731153912602
0.2501617351083744
0.26474520645663446
0.2781652318297483
0.28650153267710354
0.2946133272768923
0.30542582825176906
0.3124713244621766
0.3194104181652806
0.3286433404027533
0.33261711429992513
0.3369270131393909
0.3417154313026526
0.34859248614258564
0.35357217715494277
0.3564715441846865
0.35914936520674295
0.36284693499853293
0.36740078572549667
0.36689540619332983
0.3701667507100324
0.37099893376346954
0.37289175225338794
0.37523246190482906
0.37567031608964685
0.3750613300967885
0.37448765408536516
0.3777242694603557
0.3775038278160465
0.37840084241409677
0.37713785357058144
0.3757020256599128
0.3825877362875387
0.3824866812477174
0.3830709882109482
0.386591671398689
0.38949933854282304
0.3879744193353253
0.390819683402538
0.3933038087288722
0.3926036283015861
0.3934409539161305
0.3955037104194068
0.3960219321713764
0.3990124820306914
0.3983823697809205
0.40025239458573697
0.4023426368463613
0.40268045581507755
0.40153935813102626
0.3936998329450837
0.38553176145771945
0.3739358948932844
0.36649992243581037
0.35676063158478544
0.34322389748748544
0.3340822235600621
0.3294907980990534
0.3200375073741667
0.3142406681979196
0.30533782119773856
0.296958820207926
0.29008788135686026
0.28620491950560717
0.2754517837687686
0.2677357012765428
0.2629734138827208
0.2569141080198547
0.250700156853453
0.2442120608041745
0.23906042478286835
0.23066652455269335
0.2248645921820435
0.2174898843088764
0.2112412553509262
0.2043196560982633
0.1978374549083598
0.19149546364035006
0.18375798881191
0.1811535211092622
0.17423675280458373
0.17094063484002994
0.16500711374427846
0.15909143944453857
0.15532131848244518
0.1485941084932712
0.14491623444112198
0.1416020286421626
0.1363316353094972
0.13283384967692963
0.13194539892349189
0.1290629109218079
0.1228498101004576
0.11725073773860867
0.11518585506077866
0.11544584216979245
0.11185001233063342
0.11052022920989067
0.10779171677228595
0.10468997323169939
0.10246172720047358
0.10224587503049089
0.09517737261529345
0.09243549159121311
0.08859543821949113
0.08628677960356451
0.08415271169090154
0.08344681612889526
0.08223236539505496
0.08260041889770968
0.0814147831921402
0.07889700487124134
0.0782497364730365
0.07784628470562627
0.0750739239210567
0.07381597493447258
0.07160020183785581
0.06963612740478804
0.07176437427119614
0.06614321485842885
0.06581017632662532
0.06180587489419053
0.05821804160556769
0.055393236400830874
0.05630357941908943
0.05456314276807907
0.05183253959076602
0.04887112376635447
0.05008149631512822
0.04660102243931044
0.04441850046778339
0.0423957520130887
0.03945963292049488
0.0362542803135376
0.03567345769980345
0.0305617289229539
0.029212718622295266
0.027642694034349716
0.028818249426278423