0.012234167831290716
0.003963565122247947
0.009261693471715413
0.004267600207823503
0.0033150606046962352
0.006149054616225519
0.0048029191546924
0.004656780702827106
0.005228852223493742
0.009589988525660672
0.00791282567876407
-0.004897301581076749
0.00013656148780285044
0.009589043371319453
0.004602348135611469
0.004989453176885299
0.0036323479831437207
0.008317920175072595
0.00673605760214396
0.01428186553209055
0.012780732647488822
0.018616882331796546
0.010530925209841963
0.0005055902965780734
0.0156361331765979
0.009037215013937097
0.00824609293899389
0.003091250272985206
0.002471863547319617
0.001582667534876873
-0.012234167831290712
0.007329072344771409
0.03772348979193772
0.08199987532877039
0.1248895131299582
0.15530916625660324
0.19515732292758545
0.23379040693410624
0.2552818983994368
0.28400806434013537
0.32050652586309725
0.35028436803302526
0.3640951843102599
0.3771083434588368
0.4089354949841887
0.4197010048755734
0.4339242000638959
0.4437085725415718
0.46300183667403016
0.4664791109104187
0.4793250875975351
0.48887729503825833
0.48873373508621143
0.4943165012409063
0.510573160015086
0.5192850049833275
0.5232726607769568
0.5245813970963125
0.5248130283984797
0.5309971493562647
0.5343012605243936
0.5378785348484505
0.5437891341936066
0.5548414539067277
0.5515114158070843
0.5435087176033603
0.5514670028220522
0.5598076643376405
0.5598389046032645
0.556739139498814
0.5656486161389642
0.569344672615886
0.5643234312030964
0.5585014833503655
0.5606779051760404
0.5557031962325373
0.5740197519634691
0.5754324517031771
0.5745370110199924
0.5741009480243383
0.5790665113774514
0.5826308196274113
0.5840907487537264
0.580321978978605
0.5838860557528073
0.5865377841611834
0.5847640641507287
0.5856837915668125
0.5955103240143343
0.588882630362198
0.5906279770156031
0.6118173246682278
0.5945327882919468
0.5779920844056802
0.5616678096899357
0.5515935152588791
0.5324399869657045
0.513164074057759
0.5023691648912112
0.49083706980828296
0.4742412554621371
0.4674962762798672
0.45213491785543036
0.43680160954691755
0.4357468368773699
0.41937814083674535
0.4107041254006907
0.4046525182201505
0.39215296422273194
0.3714983942485255
0.3643718373933202
0.3690625789227877
0.3667585946602391
0.35289020242942454
0.34369317774923624
0.3369309737936665
0.3222662509218001
0.31503273013345756
0.29339878848272677
0.28714117531747657
0.28725146376542876
0.2737808151805244
0.2611323365989043
0.2598372496249906
0.2444270580497319
0.2331634219959611
0.2331323643654132
0.22133953701893772
0.22072838756235802
0.2140089206084438
0.19075924953462478
0.19479942961185023
0.18407449388083363
0.18968581275085306
0.17816026356207618
0.16430619476781705
0.16854864050188617
0.16551825417238417
0.1593116931644381
0.17311442362528204
0.16445241507285974
0.1585573795113921
0.1546351104919545
0.15224154235926096
0.13405757319694098
0.12655048033912913
0.12765771835927
0.13108604840008553
0.1211189147878765
0.12014149649836119
0.11091166284147531
0.11369871239548023
0.10836002663764721
0.11635647020411359
0.09717685395421546
0.09302826546392481
0.085581662873749
0.08423869881066046
0.07892882811978744
0.07261828300690149
0.07198527171326922
0.052671703117745244
0.04813321001079369
0.03555012544639909
0.028037868676116705
0.02651934128274196
0.029478129093081007
0.015878148103149508
0.01733184582367966
0.02089019181410936
0.007368139681063228
0.011482673758472813
0.018245354139101767
0.011265868385937482
0.013412459677135079
0.004460773713403474
-0.00461881533120977
-0.00840618296643256
0.0022745415651256725
-0.0002611256844940387
-0.004941851671286179