-0.0018593997666336284
-0.006938180200339743
0.011102449015789162
-0.00028559903018194195
-0.0021331420327882823
0.0009242658832176841
-0.010503410842931077
-0.004949402524312153
-0.003688770593430416
-0.013582500428252717
-0.01144214316536322
0.0008112311542538169
-0.006471380882655403
0.000819336001590856
-0.004039883920000757
-0.00782802129795397
-0.0024599282790515407
0.0021932584015519913
-0.0003466505534274435
0.0017308791026201008
0.0056272902792858836
0.012416694818527741
0.006779973354270064
-0.007482731073888886
0.0002515937697889763
0.006396854893228445
-0.006946981864120736
-0.010244085826056234
-0.012384096475509565
-0.01629115836899692
0.001859399766633631
0.007572249362428105
0.05360310145962846
0.11936929983899439
0.14802285468529777
0.18268428608863507
0.21847983336129018
0.24898444891972776
0.28845543968532683
0.3182196603649916
0.35397428941602205
0.38670277528735986
0.3927164443593027
0.42069905130706386
0.4546303865142748
0.4820587082230411
0.49527695126993365
0.5063387228384847
0.5120369573099788
0.5350753919936818
0.5423942910571624
0.5640795143019507
0.5613206367847099
0.5634498952365689
0.5706892354000176
0.5760339849002329
0.5898711200635572
0.5839478793081471
0.587120516172953
0.5978269441532214
0.6037811496796714
0.6048911735230407
0.6126742026079665
0.6051679429965625
0.6168930837280641
0.6208166332527647
0.6314892136772177
0.6210750891794179
0.6294390010591949
0.6299621171794741
0.6322533962065551
0.6325186191775014
0.6329187839758392
0.6271411944796621
0.6431383859836957
0.6305143248393987
0.6262066140950645
0.6422971964218643
0.6417335674707431
0.6389517743239689
0.6447362246888991
0.635886792931627
0.6506386615213641
0.6474346978171955
0.6534933036347937
0.6582701285153074
0.657895481017569
0.6627509019667099
0.6625948240207739
0.6640655159409958
0.6686417415878451
0.6518834290242929
0.6438364684656537
0.6292977910104812
0.6015083771218145
0.5839459861138182
0.575873632718585
0.5545434576720455
0.5446696805263511
0.5336471887028108
0.5279636651659861
0.5122869202378304
0.49773049841604844
0.4900475790542999
0.4748966555758283
0.4740001046864409
0.46015450282675957
0.45410174110510837
0.4486022954355166
0.4253772292129183
0.42443371094112486
0.41741758282131547
0.4047529002123532
0.39023732541539896
0.3926135156247014
0.37394571958768963
0.36396508627959573
0.3541603397421509
0.35002427857313584
0.3456001587331153
0.3307272855726819
0.32416670675056447
0.3186196058336131
0.3176270565837721
0.3025391984340812
0.29223487718352575
0.2940126531444071
0.28576267353297574
0.27804773405068983
0.2812646923354992
0.2703092796270705
0.2653107271522219
0.2616154296240696
0.2568308772168256
0.2502382661055365
0.24358083598210023
0.23956100940615763
0.2340058852860002
0.23953996531890612
0.2370286936304152
0.22811864007081778
0.22982430917061414
0.22926143292391177
0.21617708481463596
0.21597889614302052
0.20751690808671008
0.2170760546971452
0.2041479459075744
0.18468858699016363
0.1824264379785615
0.1887889439145525
0.18136248069162697
0.18054600421689806
0.16921397486419334
0.16044697593558666
0.16342726741056282
0.16117421063585227
0.1568175040636132
0.16328571430920713
0.17156690628394533
0.16955443448482416
0.14930423784001262
0.15880189147383003
0.15951878782304438
0.14848131281031363
0.14720641307956378
0.14514801345556608
0.1481785029419506
0.14409331347072424
0.13816936695917686
0.14199462725916642
0.1390843819490376
0.13582343843311093
0.1278318940554533
0.12476684357700721
0.12178751390299061
0.11576709418002833
0.1095779337680071
0.09649227584986404
0.09359162133884254
0.10549069460243232