-0.001576124070788192
-0.003501975573672815
-0.004144723574657791
-0.00454331966906725
-0.0042354134168198845
-0.00442314771763133
-0.004102916122743921
-0.0038055341436523792
-0.002433114952807005
-0.0010478062282660236
-0.0008581650142084705
-0.0011855118709709405
-0.0019019251624863614
-0.0018208741106720242
-0.002306711671200637
-0.002774191210465585
-0.0011078156338383061
-0.0015413285027681936
-0.0007626539670669418
0.00026096300936145103
-0.0006105110132291843
-0.00002263449057780365
-0.000039031474716023015
-0.0015371306674242086
-0.00020193756241351188
0.001810128457236237
0.0020906276488083042
0.0019221590900253209
0.0012190862321438045
0.002442043441440372
0.001576124070788193
0.01126800561638515
0.032445512581754814
0.05667671432371417
0.07342651815950323
0.08850041003004702
0.10514293246941873
0.12183120913465036
0.13787942042171955
0.1528397344804124
0.16553294015500483
0.17924335280717946
0.19110760777631414
0.20070430208569393
0.20974178081967607
0.22022556716250186
0.22824176326755344
0.23759175501213664
0.24602289360649426
0.2507663762323569
0.25863358698516553
0.26662243419097537
0.27217834802508684
0.2767169232228553
0.2826209478891466
0.28696559874503363
0.29407900540099036
0.2976988897764936
0.2994101946369549
0.30249425331447594
0.307302676937153
0.30971745641057635
0.3131642069280712
0.31616926993398514
0.32090660730032383
0.322557698797353
0.3234231433667548
0.32827673546902336
0.3282990664971796
0.33186057506389405
0.3334946468758357
0.3342979136442287
0.3364553279974141
0.3381788047277835
0.3404145377393579
0.3409037564759033
0.34171768711007455
0.34350605198236256
0.346331262814225
0.3466934350102582
0.3489046870649426
0.3506001749232964
0.3503588633766729
0.3525579561158392
0.3542187155769818
0.35498726807085057
0.3543970701681745
0.35466117881946474
0.35688254088708415
0.3592540482287061
0.36186264957033243
0.3618820569120726
0.3564279878831557
0.3485793498295669
0.33827381024591224
0.3286609118760517
0.31884977323619446
0.3080827368813215
0.30097054266224377
0.2939641146918115
0.2853779847552714
0.2781049282319379
0.2702809231707342
0.26160981709464964
0.25180152491282537
0.24547342972549183
0.2396103356890504
0.23332365476501743
0.2266987504342958
0.21889032614407603
0.21350166782742155
0.2073028433562011
0.19868324245374183
0.19351531794355353
0.18667003495898662
0.17995370947229875
0.17331410540932116
0.16715676743804705
0.16213558375780993
0.15646473687119927
0.1501180233784331
0.14452704795410423
0.13853393217845034
0.13292291535988515
0.1268330101094611
0.12201924930911501
0.11715846630100675
0.11274214955329694
0.10843721037181511
0.10413872590318757
0.10046126987408789
0.09558577667775221
0.09146881697288313
0.08897036028001534
0.0854244059034621
0.08213019264064046
0.07884305214129424
0.07740280289395972
0.07393091546905524
0.07148151690015006
0.06846780077792816
0.0649272448455482
0.06265355209165348
0.06042466478290852
0.057475056543430714
0.05550620862136393
0.05198006355047514
0.05003444407054803
0.0484467851833139
0.04675639903186239
0.044671682995632005
0.04302038739318628
0.04016175351761893
0.036434163517321316
0.03440536247188356
0.032422856174365654
0.029926193794055363
0.02878614773612251
0.027475397906304013
0.02603830997146188
0.02527630935878108
0.022012437557670482
0.02076753868142507
0.01868710124222095
0.017483921074682003
0.015432737270915731
0.014598774697097023
0.013212450593206677
0.013277812333153153
0.010738118862948709
0.010896993854483991
0.009729722087193271
0.00870464614599809
0.008077254388468406
0.005990082786915807
0.0042228970829187576
0.005790225899442124
0.004785630709164704
0.0037542198521546646
0.0024667073168997303
0.001670460758086642