0.05213034604584108
0.050358564672205924
0.03680160249135805
0.03664935313126548
0.0370081858359181
0.0288813619351208
0.02636830685423838
0.012267891762537708
0.017116700221833623
0.01639590980234642
0.02088805649136528
0.015257090813407299
0.010891251950860525
0.013179468939887114
0.01753682925620513
0.01299511029310012
0.011523151566139445
0.0015844184869322488
0.004802438257262086
-0.004475165881373756
0.002824268613741057
0.007012229435280946
0.011522046221957282
0.0032029966785101296
0.004249006386145549
-0.00570596210753858
0.0011355269668836636
-0.00014061167813390476
-0.001798413775245991
-0.00040178887214764375
-0.0033237213856582523
0.00273719415512359
0.004016268870401583
0.0005826527266642968
-0.0017778118306063205
-0.0078046240777271455
-0.0073633600078849
-0.012409240350916432
-0.002368194202096724
-0.0001108124973977521
-0.0007920848359578947
0.0008747998046315627
-0.0008164505057175213
-0.0006487807242052274
0.003872705939479085
0.003739712278528732
0.004195595018896247
0.0059302587198565345
-0.000850359996433382
0.00027903528034214
0.0011505297653064432
0.01602506921115472
0.010240664187369936
0.006183995156447336
0.011414970560219381
0.01596562454354211
0.016552507004298174
0.009773249944649275
0.0069356464140016725
0.01117157563897792
0.012284063251016917
0.004306050193248725
0.007434430279799472
0.009643345905409082
0.014427582276876622
0.015293867000624104
0.007568922548866143
0.013182512366482066
0.012885641702546049
0.011153653540101127
0.010149661740675138
0.01285273765708187
0.011415617459445596
0.00516995890757405
0.007956564277684106
0.006396086506081516
0.007161548975237014
0.009702147268804643
0.0075710240042245495
0.0076355596325347625
0.0013523288264161834
0.0024036385844184147
-0.0023811320280641072
0.003629594373702386
0.003347239940500551
-0.004959927623295731
-0.003797005233155148
0.0011984286216371036
0.0020022285616515694
0.002039691457515915
0.002223897034385788
0.004095991118099275
0.004692018787639771
0.005123688479650156
0.005846140332984287
0.0030576289759380185
-0.0007482408104179191
-0.004267289960606269
-0.008958541564333669
-0.004907368056470863
-0.006716179667711277
-0.013270662768282381
-0.004791612206786026
-0.005464642641860735
-0.0069070029200730965
-0.005084649769744117
-0.004884344124601576
-0.005305027079075204
-0.007268732807187492
-0.004881512575648163
-0.010061798091075071
-0.006308324351073095
-0.0009369947880242908
-0.010393676146540272
-0.006821624742546025
-0.007455498765545612
-0.006301658834089147
-0.0035777613621031197
-0.006140451208636154
-0.012327884176311771
-0.009010169193102012
-0.010454044427846417
-0.009190056727751058
-0.014687882713965917
-0.021099212277329332
-0.02413883061261473
-0.02479972202932983
-0.02125068719580909
-0.019339984886688276
-0.017413322938982075
-0.01659271472438594
-0.02195232074331211
-0.02209799263389811
-0.032157608643281946
-0.029813265179942525
-0.03081265432556918
-0.029749704850652363
-0.028770521032486937
-0.029873125075614376
-0.03392275820854221
-0.02873274994844027
-0.024232285137112522
-0.016150826105723104
-0.020485443711163235
-0.015568031145978684
-0.016296434169512784
-0.013362500671534492
-0.01246778496955818
-0.007143316651960155
-0.0009534140677073285
-0.00120136688699197