0.186076723268654
0.15827923183714895
0.22677079035448205
0.1643913034282297
0.16186504205920577
0.14798302286644968
0.15975436028623285
0.14498466211451358
0.15422935137192909
0.1677840818527605
0.09606913800225514
0.17830010120636033
0.10308332455137428
0.12141686206614143
0.12220197966250995
0.16249254355201148
0.1194612274009153
0.08170774715329968
0.12852840301626875
0.17614547100099864
0.15484054118788976
0.15415855023547329
0.15262990953800992
0.06368829613732505
0.16188959993566565
0.1243690370522837
0.15900844803223715
0.08428142388942009
0.16335802168294541
0.17266063273743568
0.10985126017477938
0.1904345886235982
0.06431463048425107
0.07428449362208087
0.15633455717222686
0.12231589324995877
0.04343168660673121
0.0591616946002594
0.048230111577276934
0.08539225537804779
0.04946307739631593
0.04344094894531292
0.13608044016733398
0.241235212035825
0.10624531372993684
0.09822159029713753
0.067259922523381
0.0711798769101941
0.04910920181425273
0.08919526166943216
0.07319822826712574
0.07467839621384614
0.09412945687633156
0.08071504160048636
0.0738183409533407
0.07830859797221727
0.03688261005176626
0.09416377926267684
0.06565771957776972
0.17558464307413993
0.10670526434669807
0.06175592050234442
0.1094531219334118
0.6037585566910547
0.12485552927983692
0.05993186192865727
0.036149613393596756
0.14292785809469238
0.28220445980384407
0.4529483139776335
0.007696584360971217
0.08432246690582255
0.1377788547240328
0.16945006883844574
0.060297739715254324
0.07835000985331995
0.10175391152937253
0.05548403436107909
0.0979178666080962
0.05126601960723279
0.09353276710289866
0.04674029266868451
0.07371843091258581
0.2630537734567621
0.04782101531982764
0.05068390277368814
0.16408331435353987
0.050198466603650384
0.4949589971043821
0.06523018271125444
0.0969752029253561
0.045832692333343784
0.04902446715335212
0.17899505732429033
0.1829680082508998
0.07034440574346897
0.06067884391512919
0.16615384260343494
0.05242332726122346
0.04020114812490672
0.08382620721163817
0.08743450765884427
0.11273489512611477
0.04606683755917045
0.26751592260445833
0.5760334009619761
0.3645167846811217
0.43310399335988303
0.10924796689322792
0.10912880432988041
0.07937011921775644
0.070671931025478
0.07841603624650911
0.15023434153845508
0.1454065757846364
0.1158565727235979
0.07039124800585131
0.0609040866048751
0.24728681224501978
0.18699093875198694
0.08650181703791811
0.05469524286693888
0.11239098555778042
0.07792896785206808
0.14346950174540068
0.13540259921227704
0.16470085230901876
0.12565519737718803
0.10547744387432392
0.12496165487165338
0.17649617870220405
0.10645419499519157
0.16362861181155627
0.06197043277585834
0.15474268968216906
0.11904129486348038
0.2360013677791015
0.21492427877091297
0.11178952891612759
0.07870873116720721
0.12355687872681786
0.0505160012728959
0.2341998712734552
0.06368837872956297
0.22792019859579657
0.3070879450095854
0.05339384340067214
0.07658064961367758
0.07014099404924258
0.0899418421664279
0.04849371948233617
0.053173363450838396
0.06111350724769113
0.10205865118737958
0.10978255586684645
0.13919827856162287
0.07308807828311514
0.09038776771480095
0.10372964802525388
0.2099441882612988
0.4033386417939592
0.1652159410989155
0.10943689954450642
0.12693334574639187
0.16820331958020138
0.1991649562316163
0.12480991035903138
0.2284142349907291
0.07764744158443482
0.0856199304161545
0.03479290000341939
0.1421894739212928
0.05565366161011804
0.19097373738558007
0.09632540780999828
0.11671591276409218
0.11824144053064124
0.13405281991319215
0.08456079428672206
0.09553266814183789
0.022573424263247984
0.045448735573142364
0.08226485393886404
0.1304408925521905
0.12895583776261005
0.05467856612757721
0.1669034179480789
0.06381920703498971
0.07932492517882116
0.10062134335426313
0.12020574096151075
0.0436162415486848
0.10792004470122456
0.14503824978133043
0.10536647610694211
0.06997223267771653
0.10810910497419558
0.18610709292227015
0.08337209662649343
0.09960839729260572
0.14999939126235
0.06454861823187376
0.27143948591927836
0.14660345811356176
0.16566893064644417
0.08911091713049708
0.08995376733106797
0.06078603410001592
0.10466782418744894
0.1066193998350267
0.06288742861284435
0.060423023275250634
0.21016233219006253
0.21378055305694363
0.06578031407975816
0.11899285001024043
0.06437820651983595
0.16906260214858912
0.22477444147791587
0.11684825993514447
0.04001755576385321
0.10654218145189491
0.09841105100670759
0.09419263851952714
0.346716381789212
0.10724321848307393
0.10930532015021639
0.06641691947361646
0.2177223553069268
0.05285767005219691
0.09284068618590538
0.05505397341759077
0.045943333827313505
0.10859565953553382
0.0893389890851163
0.04976197578161158
0.057156254324296475
0.10151088700503177
0.09517210581196474
0.08054057507134922
0.048688675400649035
0.41069732227961
0.281638639997526
0.1630385721479728
0.09500991109456217
0.03918654729116045
0.05846642159263384
0.072853290354161
0.05626624989634328
0.17877149970544728
0.1113070694899442
0.1360796115436043
0.07565250454758621
0.10945960099915204
0.09399717091834718
0.050333168529397336
0.05483415500114731
0.0730855547218941
0.03720931029883375
0.09153833860737913
0.04013968914195252
0.0722089133556027
0.09200934088532822
0.07590040566831838
0.058834464269130735
0.10073127752954206
0.07940530756988007
0.15003092980466767
0.11709357587269147
0.15553767188146897
0.10263792399300167
0.09502706105124015
0.09961638066578009
0.059320276965898325
0.09085529767520209
0.0469460679281621
0.08233739791406207
0.0819269516612343
0.0864764576766818
0.06473370566343334
0.2071754487191322
0.06408205204521983
0.12784512056034467
0.05777638024104115
0.2645403271658119
0.050140727005992945
0.06435662819061458
0.06635219701374936
0.06504574908729671
0.05476015841814438
0.06712221386231355
0.04009377135580333
0.046292211478850875
0.0841959200057651
0.06662945726576126
0.0521382599648313
0.0980300555105911
0.06467192229586395
0.09171103848851979
0.06373527649865873
0.037095856393697994
0.04625720553985351
0.06882912032776282
0.08177188102731785
0.08119670094654508
0.06010997828010413
0.0619079493043065
0.06978125019414283
0.06274213686533182
0.07288033845633378
0.4327865287516486
0.0635017315391552
0.0708437175786785
0.1848375279413433
0.08508564820021736
0.11126472411221108
0.045904381140790596
0.10607010587309759
0.13940626389358302
0.07393139851008863
0.01587249131094452
0.09872506145684726
0.07412467642585134
0.09197761841765566
0.044599960911883056
0.0987358412745505
0.05239093353192689
0.05323037853993911
0.09949656458708755
0.12376245696026714
0.05844842940495465
0.1202346984471594
0.04129626522400963
0.12356392673212456
0.10138278989371925
0.12250045720483371
0.15903399964514553
0.10639092516080047
0.11201997687401855
0.054269993848879844
0.10028309218066342
0.138718888504577
0.11286141690727776
0.09735441685784174
0.07932530746279358
0.05737380484842712
0.03420339569122957
0.08389541023433866
0.07798750541306382
0.0946623391656567
0.07458430614471231
0.3603714313658792
0.07212057720026062
0.2817540566208486
0.06271922115398672
0.06836842778853827
0.09587014924357114
0.0960751812230528
0.13171053701551882
0.04178197264930014
0.0854209776251805
0.05284317366758588
0.33219992839465823
0.10888176757317514
0.10037306335581533
0.07642248234044408
0.05688248090289797
0.06238100801038509
0.08009642012945942
0.0618758542516841
0.06706023171181877
0.3794689930393193
0.16528011261867032
0.04623897291095391
0.07300321722069138
0.10733042832013245
0.08588226340009193
0.06752016226034568
0.0590546612276271
0.2642003206794363
0.054578931621707384
0.05083436038139149
0.08657717085206258
0.11062032429425589
0.061317234676995784
0.06466102690873576
0.09189413434248679
0.041916268664563563
0.08318666406148174
0.04680372434346843
0.05364343661678017
0.03780205005131299
0.010439723711330512
0.08771049217398431
0.08830281452840684
0.07399188252771073
0.06354640188866342
0.023332567662218875
0.03275728749237963
0.04348445766989868
0.04670871530106145
0.29181082923076146
0.02725024662413892
0.06269477319534097
0.09775927316563096
0.10703525209883688
0.05923672953141824
0.047506724733560324
0.057038421287450784
0.08510912167555226
0.09420429192394911
0.05082078776842496
0.07418610111916976
0.11400892397862723
0.19328561903966432
0.10564749956430237
0.09258239191265343
0.11861918949962917
0.190751894647636
0.10175901947269497
0.12342251282722913
0.026362358386442415
0.11448117870724603
0.09816463479710871
0.09104713101441075
0.1336443226797156
0.3004917253401864
0.108704089101376
0.06488934491604746
0.05208575370463564
0.11415447777575305
0.08216612886152617
0.07576611333191058
0.11384159924442105
0.13735848336885975
0.18196252108521688
0.145937728491465
0.07532818858974054
0.05554888433398706
0.12642005993204936
0.12144305769328656
0.1355225368068175
0.06521904513531268
0.2958962269232431
0.09138151832189056
0.10486217259809971
0.09969330542814224
0.09675061879960396
0.06999317667507016
0.11841890022741323
0.07151198848187006
0.07825030010462627
0.04919498881067995
0.123466801255433
0.08794789092900836
0.06767252426127342
0.060789450370718194
0.09458352199295932
0.06601380909613783
0.06500587124875809
0.06795506193084591
0.13685626883766752
0.06912589446428104
0.0795975561513966