0.19473972932106962
0.023344298717188555
0.15262121846470356
0.027154131921994343
0.023060000938196525
0.041863067741370705
0.038848514477564454
0.05567815046564281
0.05550003312893582
0.055002431579484964
0.11401724891086287
0.08247682849494083
0.037436412488872216
0.03842921972435977
0.031500017705320106
0.03449349437840255
0.047745976724036666
0.09782530431396644
0.07352132670888664
0.04054548846003018
0.06938663959367497
0.07149450140068948
0.06441964990113026
0.0437055486149765
0.08410448014892742
0.12091728179964217
0.05002103329157377
0.13361170362925118
0.022450668597367357
0.0277259713743454
0.024415098723613787
0.06109721023250568
0.025401604012647374
0.03893367592998595
0.05041448450681213
0.06094471485760233
0.0433095663901837
0.026959228126450612
0.03169267041949226
0.039772678596876804
0.028919942576326612
0.0309481622438625
0.023662287404420255
0.08242255555868802
0.03188604269423925
0.04489121811413716
0.05046027033572969
0.032973695037114545
0.06981117687146769
0.027940837403285068
0.02746021512156184
0.04731911672335596
0.03797166272139577
0.037623979043296646
0.04474177374267441
0.027165260557799616
0.04451136690086533
0.04004185737029933
0.03700060505924539
0.07438410846972066
0.08665520623457809
0.08796596120504671
0.12050422515648665
0.11400331903455996
0.08990817951648807
0.09788627083570464
0.032906105548002884
0.01750043957882906
0.062456043971904025
0.019487597983825
0.05185387761096211
0.12093032466437059
0.09394210865692604
0.053822549464469974
0.09657055811325423
0.11766968167083067
0.06315690671217847
0.02731861826484899
0.10404554961370945
0.06837534551536588
-0.00033183076449832963
0.054954520141472764
0.08416504599947164
0.05269863185960354
0.013951020463798605
0.07791007249603601
0.16440161389492297
0.008082833823780831
0.11078169169769052
0.014254644672894869
0.021717685161718618
-0.008347282861622592
0.08908461348003203
0.15535201373853957
0.16238347681513143
0.007803341945502991
0.09948008099392829
0.09408802059893255
0.044512990382294414
0.08280896805022527
0.08523833607787468
0.1373818829814075
0.12766577377672442
0.07294935917034495
0.14122852343921072
0.18351648264420156
0.15454210996628684
0.1523937313339311
0.041438751997773984
0.04306169782245836
0.031043389012731164
0.09311137015886489
0.05324048326477768
0.10020931296551479
0.08011473845926766
0.17037766243017638
0.09716279155456356
0.09080242430925857
0.10641644150415838
0.13165162094757965
0.09547591591525886
0.02850721538895729
0.11256047580075582
0.13157533008642033
0.13612749642278643
0.07966043473061159
0.13068081035363968
0.10550647832834123
0.11455752688364002
0.11498738113112417
0.10542904203326568
0.05731838995168327
0.07826807131839954
0.0972371793273452
0.10728155120233673
0.08640133862971275
0.11617718762983942
0.13168461525511893
0.05053992486025858
0.0442139749631865
0.04911292113765859
0.03527449732118122
0.07738033038688936
0.0352581174672166
0.03981889510792259
0.07281694919049224
0.0562332449743668
0.035489481184893666
0.03351650874541647
0.04815940406085289
0.0625453696689053
0.069717882101574
0.07626230636575963
0.038289293409663465
0.048830534671951135
0.05190372021546489
0.03302229314239718
0.016151286636350903
0.06866404428340911
0.08260165460278908
0.08062126359247868
0.04022268869130951
0.04578358203253678
0.07129260358014951
0.03949075352332656
0.09930722705363354
0.051257578133896406
0.08057755004837222
0.07225783780145965
0.06234885552903782
0.0620574594016923
0.05662072070672383
0.06812255393977257
0.1252654811477873
0.05803655154591088
0.030886793835430016
0.07778879600906013
0.04043804837429383
0.1295253387913388
0.07111482357177101
0.12614225850049432
0.0643355302764068
0.09180861830889024
0.03575362185314757
0.0363196737897297
0.05696558707568495
0.03493748254860425
0.0311865101414139
0.10530879450073037
0.05477598730460021
0.05617449751497501
0.12433238346076524
0.0449472660644102
0.03209597108159219
0.07406839307261276
0.06517884608982832
0.05617449778796582
0.07721549419966385
0.10762600629407396
0.035665315219465456
0.09101805659077096
0.034579429482126
0.19383063073953938
0.07499888476664775
0.09275702771822837
0.056215580248691444
0.05748693813769474
0.062338935242558575
0.06938968388335179
0.05771548369455174
0.06469480080746072
0.0551189878725774
0.050018423178724486
0.03315902616008271
0.03128132432102909
0.05459349143576944
0.07815873283356313
0.11571015885900292
0.04184428659752712
0.037474817017844525
0.041027972626619086
0.021273814366241206
0.031091939977316557
0.12826013830630034
0.04413795975486043
0.034980299273278004
0.027775162324977527
0.0871944035959656
0.047790071562280566
0.04380229561436841
0.0727476518680716
0.08441745853392602
0.0693758756683758
0.05028879812233979
0.041075560071138176
0.12551961597552508
0.036022364448472705
0.04157952318191427
0.03953787975246643
0.04263189796996946
0.28382416408655625
0.1151492303467224
0.007553187542648966
0.08276994119352707
0.0716861147132624
0.06888726352858014
0.022738689263326506
0.032587562148808175
0.06258152478483923
0.050528094812686476
0.05590877261814581
0.03929388906146924
0.06477567237769763
0.08278788802339329
0.045571639605699855
0.040910319512321436
0.03270529570139051
0.042605782030533446
0.05224359844204006
0.01991174845044582
0.03070803422063018
0.02072293920429843
0.05182943086114497
0.04234295283534127
0.01931086787472583
0.049723115680999665
0.03143871253362308
0.029467835251011883
0.04957326387448222
0.03545084824157793
0.045531227935528766
0.05676344107047957
0.004365247690898453
0.07188233237365858
0.03859185924591556
0.11804952235743248
0.04249548587490775
0.04048188745358708
0.04335400935811014
0.08319640633643618
0.11782318919935618
0.027305497824945086
0.1455540941072644
0.08248790266752873
0.07577077505889758
0.0656574700170962
0.049468906956296216
0.0795156407339637
0.06209049301808963
0.06301309889456644
0.06654879570581027
0.10422347992880597
0.05637074491899534
0.05301033699374415
0.07511902821425717
0.06985656237989145
0.06297147151664612
0.06445520455522523
0.039225843075662764
0.02088643525794976
0.06880528805911688
0.060008798616550896
0.06709310299775946
0.02865950402231406
0.04475871366977859
0.05037652296320654
0.05233361409997542
0.06403062500754175
0.2626811186177482
0.056618595946690796
0.04659042891920152
0.07602903847263995
0.022288581949641114
0.07415558435121272
0.07600104646059978
0.06797828765854391
0.06479673181612348
0.0721504670534399
0.07308055719011719
0.07934195587318917
0.096163282804518
0.0587136119957562
0.059625739712721296
0.05962039336587202
0.05016384917277122
0.09577081541764106
0.04610761235597573
0.06104357828673988
0.03727059703298988
0.0555841768175077
0.04528510687217104
0.04664036636879779
0.06853134804575839
0.05873190670187573
0.09642750276586151
0.07411269740839016
0.07359573760401773
0.04423186262766927
0.0537848178749315
0.025333345719436674
0.08946655306561581
0.05405175543325912
0.03672486750556865
0.03593093986974196
0.05108528432096554
0.04150845918429198
0.03445510786698645
0.3146122906249666
0.15225246401127027
0.2570958000308496
0.09254897156417102
0.11596645121663374
0.04583567329680358
0.09438613633211163
0.13607286125613197
0.016622818239600694
0.051306300316072494
0.07046390530411263
0.2309888758367522
0.021352265733194143
0.023442714890332148
0.03506490108741233
0.11140998301519849
0.1279103218658294
0.02350779570841768
0.08538645463668663
0.047916149155904884
0.3198603759623264
0.22962619249347624
0.07451650595468057
0.051392044358692095
0.05809258615408507
0.04839771072801177
0.013839502406476528
0.06385185389267403
0.2104870608380701
0.019629054761545722
0.06693251373442284
0.07033262497671526
0.003449118496546584
0.038221188875295735
0.049719325786720836
0.022189320303282137
0.03133757497082804
0.05209764596987612
0.045798616554335404
0.09389269461477366
0.10045432562254805
0.05237233875176338
0.051148701252900844
0.1132186782412379
0.08252134621774569
0.04894299371179539
0.15758375616108486
0.06878446618663428
0.16336085009685175
0.07293710861493141
0.022673375054205937
0.1748586062568367
0.08700530273607503
0.014117567934949492
0.04988832006106556
0.060503544185552934
0.09205202264184947
0.16684841196663006
0.02539838902242553
0.02924895747184299
0.026948175009085786
0.06438964065516439
0.02473929941886339
0.07813289803568092
0.15865086646483986
0.13014513666330077
0.01578878712594416
0.12832943222154064
0.09145742885965531
0.03193180606971366
0.09732856959247284
0.051144353308358904
0.15016712764775017
0.18369479844630518
0.1680481104173884
0.1543366014210534
0.15042183740220308
0.11628787043565615
0.20260545434525584
0.19189668866650186
0.17581295314747875
0.11627478794873092
0.05911803010531416
0.13876325225246341
0.10884310879644625
0.181266049460851
0.1432577099861496
0.13821108920816638
0.08069657519659738
0.15792214007697816
0.08786264448975788
0.02150775263338747
0.05020562687332232
0.03209136009993658
0.14179893465324742
0.04189916761467477
0.029654972557556506
0.06943654614145975
0.06906933474502146
0.037244992426325355
0.04125052920106629
0.035694455237284886
0.03563729281336454
0.03832432747030199
0.07281348875525485
0.07357892879488918
0.10268268979090234
0.035710822571520216
0.06449550739969225
0.0483321449721301
0.05260875260890155
0.041160512751972904
0.13042469566224155
0.04297431939958923
0.05661147665269016