0.1378907005185156
-0.044773340347794975
0.14202115575848132
-0.05132508414394436
-0.042552239572698075
0.025227640434008776
0.03505151829800075
0.07471356519389472
-0.04789981731307634
-0.0211035224802492
0.046710806097981554
-0.07666394596284215
0.09057472005215109
0.00843536090958156
-0.10689927857621317
-0.03644088904777759
-0.03300508458521057
0.25098543964708203
0.0407216530695734
0.025808849832729092
0.030041698373622354
0.06304236339827561
-0.00954617283620687
-0.008481228020351993
-0.010322039004020851
0.021319614175200084
-0.018989537793039645
0.20330787854191887
0.0024161750609174777
-0.058486482105273296
-0.07769727516276738
0.14772254263943996
0.09168464539703276
0.0066612688970615706
0.19492605324951023
0.1038526649152999
0.1457353633262744
0.11964130136209111
0.10313802872017319
-0.0032997533922411435
0.19192636279168693
0.24086784223962698
0.06053271244085133
0.06846447404747087
0.09725154550464038
0.14257562995477083
0.16351407888289715
0.059226504310538816
0.16832374231645247
0.222633706815759
0.10423413755807312
-0.06562143070281069
0.07438715693967342
0.012036498307402096
0.12409133834517368
0.1640503181782718
0.2388007415971472
0.13540239358817105
0.03552379428936836
0.04310441767566767
-0.29751850038495675
-0.030199236256045304
0.20571290990014143
0.615155278747442
0.21913626743288217
0.09343794993643229
-0.03279826481890635
0.3692647137166529
0.43708785707710646
0.45197533694831377
-0.04581513091674086
0.05161147514924286
0.23091722734495185
0.30605131840442557
0.059782419370763125
0.18755045709476234
0.1440713849388636
0.02609313170666382
0.21378382140027846
-0.08685598544312902
-0.23761960876754717
-0.0046269742396315375
0.07862661843515172
0.1757569541683051
-0.03153083641199595
0.010565695270837405
0.10602007658471477
-0.016537936176416603
0.5361245835460284
0.013375722318076471
0.07423878986133395
0.02778813789330577
-0.060018909979411936
0.3484143654042126
0.23606905660569433
0.13063398372126897
-0.025322034543005596
0.2216016090677755
-0.31838515156254443
-0.04901250367098907
0.2188918567242526
0.0952058169869293
-0.03607971263566961
0.02570275916946994
0.22007375797428494
0.2985814918445986
0.11297168328076496
0.3278253003245698
0.024850110946789943
0.037388670003847324
0.07416096442225928
0.2297526816959598
0.05975386956963036
0.16652072578436541
0.002112867360860981
0.1864028771130903
0.19575093054783832
0.1584991998306904
0.27692600560755504
0.24950716888274047
0.10040926569695918
-0.08357610152413188
0.21113483175069828
0.24620692149527093
0.18236505971725767
0.0580077966664254
0.20775740051042216
0.13262021953837017
0.10571619716723442
0.14715918921301416
0.2947316733207951
0.18471255229745956
0.15325964736400094
0.1281744988592183
0.10890459019340298
0.21217206739859
0.23425099360225296
0.21501661707605005
-0.05231994861054514
0.2510239562986414
-0.256722153073593
-0.09296965445284008
0.12769466317768483
0.010101563294424104
-0.05092244695786014
-0.07916530916176392
0.39750422132050706
-0.05490175477685348
-0.09325208626334486
0.12160837100895706
0.021593760232939605
0.15577101789835401
0.6344984823329928
-0.0011345237831662423
-0.06327955451778564
-0.008031491314097366
0.008528977923000216
-0.03779675015625817
-0.07489704738887501
0.017854980969957274
-0.18493761836632713
-0.1316501036476249
-0.01601357110680779
-0.10102324779430964
-0.1060582255981648
0.22373711887783818
-0.12552837284291254
0.1453210248195977
-0.18285412293756673
0.11449541093433732
-0.015435715381250327
0.1073793201993484
-0.010901827666096426
0.2565792556589728
-0.11824507046174369
-0.33506740849483085
0.04740635276030039
-0.09533472654830434
0.0532175153556387
-0.004244675664246351
-0.005948412052262067
-0.07187714415303877
0.026676480847953644
-0.017164388981359687
-0.08573996560642491
-0.09857650102702642
-0.043491738788216994
-0.15594158377465947
-0.19389446772392496
-0.02752364553301139
-0.043498379936069545
0.05497611396821923
-0.09407422733578548
-0.08968032121912192
-0.13048192148768153
-0.0043869021674340855
-0.02076419558221263
0.15231968378515423
0.15140610944279745
-0.045655195227538914
-0.10604692850725495
0.04422177166750073
0.16878851730587996
-0.11674985676266814
0.1102358816169233
-0.0969944246367879
0.0853075706146456
0.11107955426571303
-0.05186293948479855
0.35472714369903297
0.1364703326085514
-0.05289816648484424
0.491701909020135
0.31434741891045476
0.019576505127251835
-0.08891422263352355
0.07320422578623864
-0.04056748006741719
-0.018711355174040482
0.09578651724857959
-0.2095528173887822
0.2867696605874667
0.10550312964681956
-0.040981688201697335
0.16005038239755784
-0.11789742115495025
0.06369474073423849
0.17609129311796692
0.05569603014403777
-0.13806254348262204
0.08828517076235932
0.015575678179305837
-0.023435744008925244
0.09827064861695056
0.06890974467203831
-0.08577314904624782
0.21869883477458218
0.053557151790486375
-0.012326656459310605
-0.01595895275365403
0.06072025131024065
0.19286058666147193
0.17044369388630268
0.007772071494718273
-0.10623235838112051
-0.07231274034556943
-0.12147879880281472
0.13835081135299013
0.1708684714837481
0.04630387306191295
-0.12278066429789297
-0.058052522008835386
-0.10428753095755208
-0.17085544413556422
0.0948158806733274
-0.1669658721861061
0.16991703551788578
-0.21370028073427308
0.1290471162548054
0.06926940394818282
-0.11288038567980066
-0.0471047483895163
0.0006999116713897116
-0.11343766541431682
0.010269596842030227
0.019221492058164445
0.1734030104656437
-0.02855423794458629
-0.15206003478618837
-0.11166235607138172
-0.03445687173437205
0.1516149864602204
-0.02334416239010372
0.13085728159325918
-0.03182247167812054
-0.041277480424781396
0.13078355125458868
0.0481494293551612
-0.09415101213690395
-0.017448619793731385
0.3478492601982177
0.012379610038076024
-0.2914945113062473
-0.13388676461455437
0.478759346360489
-0.14195518665818851
-0.30924055047819904
-0.2534230419693047
-0.15726484063447282
-0.11440357176514088
-0.21457118546012693
-0.08838637224576178
-0.1127601486469249
-0.1489110643158018
-0.21510574030468885
0.12322650836402148
-0.03112223128740125
-0.15080722112776043
-0.10592442298837218
-0.008514799624079342
-0.25577892942822067
-0.0982981182621152
0.1446846324335881
-0.03784963658440769
-0.03323636122528022
-0.04915924019652541
-0.4141852149203094
-0.24350406481628534
-0.10062235797936224
0.07599019768593544
0.3394152981694395
0.07028169689151603
-0.09924850686043775
-0.8067363150742789
-0.06215690011511633
0.06009782930687394
0.4859647507833401
0.04936699863742726
-0.31898314821047474
0.03171965125857542
-0.0013186672860519017
0.039111883747644106
0.04915893731820345
0.1381308120212823
0.0032709571908719555
0.12184437794511649
0.05742793125283189
0.015057407433616275
0.09853965963245179
-0.1169586951574346
0.0008228432876311317
0.04137466079875299
0.18279350928408603
0.06049000950959352
0.009648054661329881
0.0328409155709104
0.07005230098429449
0.031117082773321553
0.06041104050063321
0.08176244775457935
-0.007433142379133824
-0.02320825220013289
0.14849361542809034
0.0037398510002666875
0.9600146661801645
-0.1445581017686467
0.12657807391307563
0.2457989532965741
0.07631566721482928
0.10299290914855046
0.014160179620149815
0.20063081312087885
0.07245947709232116
0.24957631120737658
0.04340222593799251
0.1613697041330783
0.056811239179579934
0.17704183631448542
-0.10514866832827002
0.07889217909148093
0.19024836209905394
0.08533781869756935
0.21645655533016717
0.029778889833296227
0.08758520027401927
0.004792983718464045
0.08382757656597035
0.03236833740489505
0.02132134381223744
0.11371316507118251
0.1030618861078787
0.22185557089693467
0.16542112933891945
0.03163942691577328
0.07250668947377613
0.1496644977553795
0.13788188731040965
-0.03748781038690166
-0.04822196117593452
0.15428928652127505
-0.002042216216405596
-0.06747221283751555
0.04864797256284724
-0.09660513577960676
-0.08940038004809649
-0.025172416555052302
0.021859715414854156
-0.04393544761714753
-0.13666137802773842
-0.0347057306175402
0.13453658360884263
-0.05570687964294317
-0.04407453233083465
0.15143533250078536
0.167747088717438
0.30247078026981716
-0.08693043516851351
0.011326011925128027
-0.06451888319916915
0.053909957141133544
-0.029030022097180135
0.06480447159441291
-0.04806289925690553
-0.008454004573398094
-0.07395435544126895
-0.0047645816865694805
0.07118578728971336
0.06464625901363777
-0.0022513744785703023
-0.11300257403238781
-0.07899909274893077
-0.053033192244654255
0.03829335655967736
0.14827800313381437
0.3145172182931306
0.026860790536263366
0.2249571747350165
0.05483041527599781
0.17844916589566218
-0.4075809985025444
0.06912426542614074
0.025654530962403145
0.14874642339642533
0.006239389834672447
0.2569401390460822
0.2524946274559681
0.46484417910088033
0.20304064261196095
0.2784881779786072
0.21719909124074674
-0.10823359092823157
0.1691067382568383
0.29739900427224003
0.26377694186246764
0.18960532896211438
0.14607505952746164
0.03126344498978252
0.158357547202295
0.02201689934153908
-0.048387680993381386
-0.017264048129003756
-0.10137124157741001
0.3924580158059118
0.26183489159619244
0.028456123342857912
0.15383545163499365
0.10502924291468597
0.22292959979570148
-0.008257656871887752
0.016850057648944542
0.1181270059653678
0.11314790139842135
0.09433697643822399
0.24591121947475575
-0.19399302849078467
0.1234444591181762
0.12155970373069849
0.0129540726850912
0.06342847840276447
0.13208243576047277
0.008391211155183211
0.2802749337295629
0.10887139239805094
-0.20208435108176476