0.008730678792069013
0.008633223184067642
0.008423889897960652
0.008237562202094588
0.00824655761909139
0.008116600515019777
0.007751295574169736
0.0075913608370769435
0.007378586781225981
0.007672713186991234
0.007552535999669068
0.007281219406645209
0.007105994984754089
0.00702657297345801
0.007110554584156324
0.007152116377822749
0.007040912438828409
0.007087242861996364
0.006967124088649886
0.007037273994243713
0.006991955640398784
0.00666255039714433
0.006542915745641242
0.006225519153754518
0.006224219446035298
0.006351354767832475
0.006067416026150401
0.006241926776630015
0.006286013645596243
0.0059723367654414975
0.005937061903273266
0.005815060533668516
0.005847833796757223
0.005844888802175565
0.005534355444965767
0.004936902217376188
0.005334514995455586
0.005523128007293008
0.005417685445281075
0.005134682947941011
0.005200070127089452
0.005247435794438282
0.005006509663790931
0.00483712924836005
0.005081755512354174
0.0053284545721477995
0.005178697897225105
0.005103840179719061
0.005123582018315003
0.00512502602833242
0.004892375285916458
0.0052097460795497725
0.005211666422758923
0.0051451293479712785
0.005326585568408495
0.004878067034433008
0.004838693282192124
0.004911176977159774
0.004945203380249955
0.005182608723563204
0.004763777988622867
0.0047423084001072665
0.004871249238315491
0.004858423263104622
0.005162490808987229
0.004954861190368956
0.00485200132231608
0.005119272796719706
0.0051216962588634335
0.00518090700654631
0.004898760645738991
0.005133131264571716
0.005052772094291058
0.005051966540855266
0.005379385853821116
0.0053032542945823605
0.005372111800239734
0.005617865703145789
0.0053240977982354646
0.005468223177019862
0.005522354847084802
0.0055146835543474805
0.005614520040674325
0.005538169113661045
0.005316561633692416
0.005263178491171783
0.005419494610960406
0.005366182757534747
0.005291634080376493
0.005295043595689114
0.005275417886021725
0.005593855221101384
0.00533609843868011
0.005140736956297779
0.004946168189862119
0.005389816395608698
0.005400750193834749
0.005555563789149449
0.005195056856136397
0.005380068879917339
0.005832433568523727
0.005482823064301681
0.005631762373571046
0.005747916044863331
0.005813626697666506
0.005824201566313289
0.005970671535500913
0.005829798124935813
0.005876836387262486
0.005936358356053519
0.0058122776377983396
0.006085113409243413
0.0059347266817355955
0.005907548804411286
0.005840901691460924
0.005966496938514223
0.005799839941132845
0.005549759813976688
0.005818019614729126
0.006155618139564352
0.00630298548467884
0.006175129343727635
0.00625385197108438
0.006064044146546548
0.006078641148836635
0.0061875440505147665
0.006368682898549764
0.006195011929315693
0.006225392482318629
0.0065322866463007724
0.006638732760282406
0.006311119313829943
0.006489750224620917
0.006320139806186161
0.006704423095349035
0.006498108719615483
0.00663281027401254
0.006645053470546674
0.006726617750240144
0.006281210850829078
0.00648992594564155
0.007011277944176316
0.006774683610848999
0.006796345347425659
0.006927950153491201
0.006768201506286283
0.0070311411308815325
0.007341711162395396
0.00725315081138092
0.00735478826478503
0.007364374683496956