0.005983380471524055
0.007222370113863408
0.007235446655294856
0.007878924182631019
0.0074491700984572196
0.0074338433399890585
0.007373760953514699
0.005842330971651625
0.006242111603497298
0.006290661492556996
0.005581534897393673
0.006484687034969182
0.0062581779989808834
0.0064437738938347994
0.0059454105180930476
0.005159262543814375
0.005190933445613336
0.0071913313586316144
0.0069510391167015234
0.006876935712113057
0.0066995747825220695
0.006706735784838295
0.0071859287122394725
0.00523762126817108
0.006755932356725125
0.006048852175480698
0.0066294987209305324
0.006700062523912717
0.006476443964701908
0.007459190939646735
0.005983380471524055
0.006930628891951429
0.008289082028493905
0.008540995460861445
0.009244458740137873
0.009799156780777394
0.009783404242983696
0.01100329020889552
0.011404296897956615
0.011755136925313808
0.011631004780219058
0.011617079647173867
0.012515789297144453
0.012378805031100365
0.012274984047798894
0.012912942669319305
0.012985261412202824
0.012778923634797984
0.012670631493955479
0.012511220807488514
0.012596394252050986
0.012951230234974218
0.01293750128649265
0.012481309581156598
0.012211098166366011
0.013064175253077265
0.013291413587264938
0.012662849922428084
0.01255770077983981
0.011791077883968003
0.012196788962765555
0.012338768935017166
0.012927490713403541
0.013046220500144765
0.01174137810381036
0.012199514115287193
0.013573805473672769
0.013487577253396915
0.01194902166311302
0.014176965986463062
0.0130234893318842
0.013338846459047626
0.011882526354634236
0.012057211963276058
0.013018411732076421
0.013378843135928431
0.012406595822648536
0.012769753910510388
0.014548526500378092
0.014768214018764618
0.013911033126058294
0.014615201454235968
0.014735293157251871
0.013474046344806615
0.013618095330245725
0.013687381458044592
0.014056154886705504
0.013930282561777661
0.016748341401668684
0.016458558523013537
0.016911754214970584
0.016013276810922756
0.01632954770565399
0.017587100537764633
0.014049836977929482
0.014124820454598919
0.0154585572001977
0.017199310295904234
0.017430486162231286
0.017167161800680498
0.01729520285089413
0.01700775978919797
0.016182378436323006
0.01841423408133509
0.015941052741794942
0.01630815820077849
0.015253930557866857
0.01620093321020808
0.01737128975831909
0.01773031057528825
0.017715678618866054
0.01669679567852717
0.018970094435231486
0.016753028820282553
0.01792521123575943
0.01650604961644537
0.0159945705471924
0.017047299755513008
0.016564360775890203
0.016283133985472965
0.0171903716031863
0.01862059617649523
0.01785339023850799
0.017668922696146887
0.018195871115432506
0.01804497349942518
0.017178973108338883
0.01683103097609741
0.01722738809820204
0.017792542961407906
0.017587647220881672
0.018155699365031603
0.01938283273033842
0.017340090495509698
0.01762238499854449
0.01881901945662042
0.018953876449956223
0.018335587085507032
0.01773428554064805
0.017242283507047627
0.017055521520261675
0.01808409087739192
0.017827936842825312
0.017107129243762058
0.017341398617738615
0.018967784717562344
0.01765038688365791
0.016438399401105558
0.017199853350278963
0.0175063503442387
0.016758510416080973
0.016682393201270414
0.01648197172785809
0.01639587203218847
0.015117416147477428
0.01497054445335754
0.015460167987803477
0.015998875640463286
0.016445182400898966
0.01676447759678769
0.016056173654354123
0.015113416477011471
0.015944670806430385
0.01708562517014058
0.015918684449103042
0.015943038467266798
0.017387686079142595
0.01764930900926612
0.016357489900522486
0.01575589903505262
0.015863788794199096
0.015755975322558048
0.015910665403485107
0.01767270410487576
0.015536933764798819
0.017331122667367534
0.0160929293281807
0.015674894859693457
0.016692352393426726
0.017076389000591927
0.016950400092727573