0.0052170287946676705
0.007135516536404378
0.008233674507867725
0.0075862608347280185
0.0077403012802923984
0.007247436367447175
0.006215860146292853
0.007000566691787146
0.0065571536513953765
0.008105617869436421
0.006530692038118679
0.007345963521284791
0.007272087683693066
0.006687957754440695
0.006803288353198463
0.007596827831445018
0.008167434859136834
0.00733753047758388
0.007418894458347164
0.0062993440485433864
0.007907523472220701
0.00806360321385607
0.008653713903810917
0.007795571895782446
0.007621689254144169
0.008247256786648364
0.00715574472253599
0.006773818160109435
0.00755215764206256
0.006293965904068659
0.0052170287946676705
0.007639290816531634
0.007409028417311959
0.009188130431924872
0.010331180387018031
0.010509509542889092
0.010132797482187698
0.010823506160529678
0.012215882250527025
0.012860432404580112
0.013343528739793756
0.013624432327366376
0.013448622182345413
0.014280854242065223
0.014058183129477791
0.014047364736566766
0.015151759390538963
0.015299308232263695
0.016030809952779616
0.015643506737069886
0.016334644900176665
0.016472424316942565
0.01604765556563105
0.01708028547023974
0.01689905343959315
0.016464745461574167
0.016817528894414464
0.017090368038500347
0.017923870901511957
0.018332352855311502
0.01925236598283784
0.020044251184681724
0.01945891514623136
0.01977296886933944
0.020009888168828843
0.02059797846220571
0.02136217615165697
0.020662260615279454
0.0203032947850077
0.023135641366729586
0.023217999777568794
0.022204743134768706
0.02169799731768649
0.022267632535333926
0.02299812854891741
0.021972007533039198
0.021216987088258307
0.02182234847655331
0.02265824354826924
0.023320633022622942
0.022968389806007447
0.022982073498711737
0.02345711093583983
0.02364646464285405
0.023869143153024068
0.02478959102826867
0.024823724834179044
0.02519673966175472
0.024926328843377702
0.025421884159356718
0.026456083637846645
0.025540002785676617
0.025694963459274196
0.02589747583507532
0.025506188524774473
0.02450961629839346
0.023712093550643996
0.02475900998749417
0.022632414284408143
0.02249205143455435
0.0233693253683656
0.02187585213585728
0.021666159726728737
0.022321345737065762
0.021372424961183578
0.022138176170675993
0.02167475947443108
0.021431880887824967
0.0223835353069885
0.021437356592799602
0.021918131650641413
0.02130125698266739
0.01997954137419717
0.02085876958343787
0.021266937338663208
0.02157009895016325
0.021414887756741968
0.02167778183814229
0.022522984093378873
0.021996596513421448
0.022146118620767638
0.021782108731686324
0.021387540590381195
0.020814452746643206
0.021531246421335457
0.022321404584353135
0.021701244724589522
0.02062611292770676
0.020263268102237313
0.020308317332587807
0.020540296070221245
0.020756930735348105
0.020768826906147567
0.02000334296623608
0.02027494147834007
0.019624545293486045
0.019807823436180018
0.018889450078282945
0.019399194769204157
0.01949360993444946
0.019397544176279025
0.01876727519767218
0.01886631133570999
0.018637867362751796
0.018561587644503014
0.018116380222906816
0.018763474740880217
0.018486410416293557
0.017888381957264225
0.017886942736291118
0.018184373304862746
0.017689345377486614
0.016851464535561994
0.01745707727744399
0.017374898947007302
0.017068981974981794
0.01724472383762898
0.017273120877204153
0.016334452254249444
0.01624440273111564
0.01654962387517349
0.01734109090947184
0.01628089813876789
0.016656075985532766
0.01650280090917519
0.01674722698494882
0.016488624416218452
0.015901438362268965
0.016126825788665936
0.016217100995094515
0.01566242652248082
0.015824312396916583
0.01625990308587704
0.016366339940135075
0.01664374948859983
0.016400865859773447
0.016226630355188707
0.01659479820432593
0.016452945295221448
0.016374402569387235
0.016360885396036466