0.0021779535428275362
0.00211713042377886
0.0018707789290618487
0.001708918382742967
0.001730865317686998
0.0016908687884701367
0.001507287962442042
0.0014645041788409591
0.0014258512482382348
0.0012335871593186182
0.001055075248005326
0.0008923676367197551
0.0010121333269073572
0.0009429380769764131
0.00089676261694973
0.0009741029612972566
0.0008989096074885078
0.0010937982874967762
0.0009954208506462066
0.0011435517266248133
0.0011724601231421052
0.0014277081100140957
0.001303793572208811
0.0014856269206887554
0.0014413195797666094
0.0016979398291719545
0.0018997851099182928
0.0018921265431808276
0.001962644744663499
0.00206981212511114
0.0021779535428275362
0.002743892021813196
0.0032608368227798126
0.003673522893186234
0.0041270554246716174
0.004514301092795052
0.005110275301198182
0.005559868301538754
0.00625160839959447
0.006637553309808516
0.007174865296122798
0.007759558515913992
0.008126057052049293
0.008325269073223486
0.008605838127614004
0.008894403070472717
0.0092789333161611
0.009543068788865853
0.009819946535234462
0.009946290020588083
0.010265522309827925
0.010529790654607442
0.010646533246547017
0.010776130972791812
0.010954919808515191
0.01111022434086073
0.011436946603258374
0.011511569838033545
0.011666576800075965
0.011859587684569774
0.01207401121295599
0.012186508301624705
0.012345177205333334
0.012578318699871149
0.012816839648378204
0.01297761254989102
0.013171275882683476
0.013204309541262631
0.013405187059916819
0.013589486211351198
0.013757999659079851
0.01386594228707325
0.014004506882847097
0.014221870421685852
0.014200362877703819
0.014274965196579203
0.014376648104031135
0.014487474567561593
0.014582585859149682
0.014627630386243744
0.014815058204196818
0.0148294824879499
0.01494593936856088
0.01507676147908749
0.015147585323684713
0.015166336142138795
0.015175551080692804
0.015365030450515859
0.015470149727595969
0.015493402201838341
0.015501546233468118
0.015531656814720525
0.015491375021778376
0.015273754538596144
0.01514195144404189
0.015013935036095986
0.014792502114291263
0.014570559416213533
0.014343628987063374
0.014062976255441915
0.01372988208899949
0.013618745200128497
0.013415192154458747
0.013261914952907341
0.013083401348416023
0.012881295184437175
0.012724191185926735
0.01271009755824608
0.01271988236007315
0.012554994031776975
0.012491897395279403
0.01243481575776613
0.012507559457754332
0.01250969667449915
0.012363098556910907
0.012330784834734253
0.0122883452494088
0.012223096418067165
0.012175796314149659
0.012344979683159922
0.01241712371503352
0.012361752099034434
0.012386216120313057
0.012326022643095253
0.012406100413529198
0.012362949865816266
0.012494907202472774
0.012546210088104403
0.012384594630112752
0.012445893889947648
0.012395764683429402
0.012371398984974568
0.012165292837746849
0.012292934074347927
0.01194636303473847
0.011932475761652893
0.012091404499514607
0.012102376495713016
0.012038820764230697
0.011865367530194681
0.011500111611462168
0.011437977654922575
0.011531742584541262
0.01126905602757351
0.01122031361956767
0.011047088027608575
0.01100567487871138
0.010722038231681202
0.01068595355829286
0.010738462511680131
0.010609059214392355
0.010652057948731444
0.010402160856673262
0.010149448085092602
0.010048431115788741
0.010097718311380925
0.009969267439973829
0.009839518728626774
0.009837467512098403
0.009368503310044036
0.009499009470772533
0.009328839165354555
0.009287777241485808
0.009124711180694007
0.009112955421101182
0.00900378726563109
0.008880174909096272
0.008516763999632991
0.008315984610358757
0.008205599688997768
0.00806521229702319
0.007922349144190583
0.00791351934624829
0.007551586332738081
0.0074278640750013985
0.007317777413219346
0.007134739043680574
0.006930582641555976
0.006750203790260118
0.006572712188790331
0.006318863904096775