0.1498438589647487
0.34357025496779864
0.1279383234174452
0.3527039936853406
0.2018698411817798
0.10430504165816638
0.21529652573736524
0.06701943504224579
0.29759868867958783
0.09489788924087941
0.04511064656801492
0.3077936377777443
0.24261915839397227
0.28171808522340414
0.11011773423559228
0.19207125704866007
0.03584042047163753
0.09308055705557032
0.05948256993982285
0.07724280892135899
0.22580583008553737
0.049899509103797625
0.29590823636723806
0.1917776860936626
0.14002284365079867
0.10511223396713801
0.12325531178050642
0.19704167384312854
0.3425466695049721
0.23741843491326453
0.08722072712229414
0.05743202767349502
0.30004187630060725
0.33897306815814077
1
0.1270414616354653
0.11906495054059138
0.041158715310070544
0.4798153653404377
0.44014546868247106
0.0946271289200684
0.31471144150001407
0.13161545539741995
0.0963527424587299
1
0.43747292071933724
0.0806615573621211
0.17319621448095734
0.33540866030026883
0.15450680479017123
0.14275501165954851
0.5093365346347538
0.3690020447332572
0.2373910871486482
0.4950442489985528
0.06633092729042549
0.2658717068704876
0.21440188056776266
0.14720473622944202
0.10936505160258868
0.06666210720221424
0.6294793689769657
0.3056183542096992
0.24096347369213725
0.2095267425437083
0.26675272797905736
0.19796483637931578
0.08174474425853948
0.05394886688979084
0.1752876539283546
0.6113349480672235
0.36577941934678204
0.09720930133557387