0.024369734146631038
0.03399637695980896
0.02831033199710121
0.02697393075391693
0.02458513492160241
0.01165790789144832
0.01068974335125772
0.01601765109575156
0.011938695903241935
0.011048266569106829
0.00926162506660621
0.007680568485385438
0.007880942134119967
0.003907722471429906
-0.000866315828317826
-0.0013625788823033438
0.006544048617477041
0.0029589316239051274
-0.001001342864287866
-0.001423831338674273
-0.005480693188982606
-0.010255384050889533
-0.00838696026059068
-0.006002744732706946
-0.012193753269241265
-0.023014455971160218
-0.017792162256047284
-0.021573244100237237
-0.027699645516848424
-0.024871309539692268
-0.024369734146631038
-0.023841754952432435
-0.02167341420883233
-0.012163580608056068
0.007399764537303747
0.04042822990233538
0.06326234311506851
0.09546751058195971
0.12231641677209923
0.1376757360951012
0.15403947507106008
0.1839791621009428
0.21019234445400684
0.2289590117236582
0.2512257918250301
0.26140929211262387
0.2795268838911349
0.2987210954766258
0.3199814432631955
0.32401508588211814
0.3437434672876465
0.3618218177173186
0.36850341443651585
0.3806253929844093
0.3825097891426965
0.3925594387721262
0.4052118531112326
0.4157142349300982
0.42140717804405275
0.4319881212717078
0.4364313452171609
0.44707408872878673
0.45001200193261465
0.4596328831066533
0.4629309032903524
0.4759404524332975
0.4879519502854118
0.4938127275672267
0.49768194020803164
0.4997323788028021
0.509376897250866
0.5157691753907202
0.5171641076580142
0.5177131115709579
0.5322893783244257
0.5334372172157731
0.5344544277464174
0.5444928336627824
0.5545145888126989
0.5541102041058907
0.5583510416424351
0.5604736216614632
0.5690102313728865
0.5678803479816854
0.5688294558958682
0.5807329788850839
0.5822083815938085
0.57869003312477
0.5914665798538395
0.5917954960416267
0.5958898366265181
0.592062925061632
0.5907258114766122
0.5837814153050512
0.5801224039001397
0.5722143850123204
0.5649358423471009
0.5594173691884106
0.5536154480120955
0.5525469410035745
0.5490988437664517
0.533041501452658
0.5306640427566407
0.5231487992518559
0.5092701724128657
0.5112390436979198
0.5109571356367694
0.4975619610262143
0.48960365989626137
0.48147939577955745
0.4569604423195654
0.45560016711743395
0.45733869618417344
0.45015048915880557
0.44428592751519796
0.4327419045828199
0.43324864053522066
0.43117400208823714
0.410275017469813
0.41404682150891053
0.40549958645726797
0.3957045639546473
0.3863951508437029
0.3848803619324915
0.38050956846196793
0.36776808670261807
0.3685193995413431
0.3553539842065355
0.35029758267530736
0.36980036711205844
0.35854162798110417
0.34819722442116874
0.34946804657829644
0.3399000407619195
0.3250159076935974
0.3181261079731322
0.3187910341588371
0.30459362850268873
0.3080404323668329
0.2997728677500936
0.29374928326879124
0.2890201261401872
0.27402461891564556
0.26927121445358393
0.24939762017807682
0.2625733673744697
0.2624937180049736
0.2554182703579592
0.24994485703135272
0.23482065126306192
0.22875586298514383
0.22295166513232367
0.22227009945376455
0.21798568426143025
0.21809448910527307
0.20519404951918252
0.20366900900908028
0.19398725434316075
0.17858235399949796
0.17329489570433274
0.17609233784193212
0.1396696074256819
0.12793883548447527
0.11876576374675757
0.114830740576406
0.11950990930862561
0.10945072755745934
0.1232709163852732
0.14237361633448942
0.13993475289999616
0.13872141387918474
0.1351387398073814
0.12682378200584457
0.12729622618755823
0.13010701104347103
0.12193121560052597
0.10606104299848909
0.10489852540231377
0.10476578740285544
0.097623694015493
0.10336937433679672