0.0073748049259727225
0.037700376149048045
0.03522204439228376
0.022408338964389637
0.005806695113533058
0.021615661335084677
0.02328733433673489
0.04185078945482822
0.0393215202177437
0.05395408949573277
0.03577185510544485
0.025058369213958973
0.02347681766101312
0.02415667208307515
0.006015446824519263
0.014817734401332643
-0.002801791883584649
0.011345289479110128
0.0036118482060250212
0.019548643643927572
-0.006678488853004483
-0.0025949546266552954
0.016283081306944155
0.012729003550142337
-0.009509301312768642
-0.016762698680911705
-0.03067019639590596
0.0035621877769315496
-0.028487165720704366
-0.027459245729924243
-0.007374804925972717
-0.016134681670145486
-0.003648019705296801
-0.00868098334905066
0.030489364049492887
0.061521292263519996
0.09412059482340653
0.1256396046397493
0.12482878195050245
0.18352568020887663
0.21686784796698078
0.24369433344740665
0.264229352815117
0.2959246337177618
0.3167913540098462
0.35651019236352544
0.3846373418972243
0.409802933856885
0.405382919641751
0.4143898110471889
0.425511769982355
0.4514373989936772
0.441434595013521
0.4671786771452616
0.44173145128552105
0.49560951145638693
0.5036986673958076
0.4985046691552128
0.5017701808167175
0.5492503587312613
0.5299695854273649
0.5322355560906917
0.5504976962118966
0.554717197501162
0.5542144498836258
0.5572347939319898
0.5421694303828787
0.5634835472349683
0.5681499719489508
0.5355647742771368
0.5416022226356838
0.5336445395718123
0.5433202155429563
0.5745564429457447
0.5716918909426032
0.5548189859955738
0.5692876447394504
0.5610762731479674
0.5957988627287775
0.5978063296586762
0.5838896321400718
0.6213038127911586
0.5760685852672277
0.5565731851289178
0.6098403957222558
0.5893727331333906
0.5960855144434771
0.6092150529978877
0.5989444995768635
0.630268839972911
0.6072453774049326
0.5962586887054552
0.6159149606103449
0.6178309816899072
0.6255056308730513
0.6099332322555395
0.6021347469461977
0.6074699745821104
0.6039620201268637
0.6004315712655353
0.597982494129856
0.6064621777384253
0.5981872388109547
0.5840545590418019
0.5456662844943125
0.5384503421034843
0.5653153745191258
0.5335556493961074
0.5583282986800862
0.5559092902013849
0.5310829306606586
0.5174308672682129
0.5041646130138054
0.4952661713496058
0.4663757285511039
0.49029511637732726
0.4478327586196991
0.47542235068158634
0.46510987324658687
0.4781520718655035
0.4565555005974495
0.41357554054634593
0.42770342454528726
0.43292053197153757
0.44020087376704603
0.4399722528910263
0.3961376717905187
0.3808011614970655
0.3779119072559584
0.36182532446017973
0.3808246944771491
0.3651139969519612
0.3804496502058695
0.3644493761386723
0.3500070175687593
0.34024580260715775
0.3323569336407448
0.3200715264339829
0.3177032428976782
0.30754181143541337
0.302628967097497
0.2730214009858511
0.27889012789123563
0.2696088768451434
0.2612878681155071
0.24851079585427086
0.26496817433301084
0.2528030011570468
0.22406344249086654
0.21377930616666063
0.1978246676114998
0.20529042867182598
0.22749418741641908
0.222682411329596
0.22880710043865962
0.224670621262002
0.1942171563521221
0.16201261264479253
0.1533233458765253
0.16199099827657862
0.16233410033968043
0.15638510211190118
0.1403720277997048
0.14131309700659622
0.14630670931260326
0.136539196282119
0.12172168745228365
0.13739791804591037
0.13599685744361134
0.1297642711527608
0.10578188871950524
0.12578274415583637
0.14153496530060808
0.09929046662920195
0.1053035230701619
0.09625444376629959
0.11734326475442308
0.08798615104897957
0.09427039489682752
0.09927868037794157
0.08943311824751475