0.05068332622364711
0.0978170181457783
0.10937478343642798
0.0178544057225722
0.09871772617562138
0.10716382940301095
0.09382953082574852
0.060119912654132336
0.07793950695926802
0.1136062839762863
0.12255377507777053
0.07092805598880834
0.046095857319143445
0.06944072495318034
0.06730321171548052
0.09199291272452687
0.08294259662534814
0.1780905064794615
0.03757482727036237
0.03344328986621211
0.08899129562679944
0.05266245607144692
0.07094576621962081
0.03100282123195946
0.09463883006789314
0.08673040551390002
0.053761649202029804
0.08243736480739224
0.05391488331383776
0.12993376257967018
0.0932587240976266
0.047105449355180413
0.08322880671256128
0.0636593008334858
0.07102855191673992
0.08505630532486326
0.0952169262861255
0.14053113953967836
0.08325750931225064
0.08365296191562942
0.051091082864139846
0.08997901002460566
0.11508544969801489
0.05072367905729572
0.043692862340296595
0.02101248165703316
0.04086140061785693
0.06595947437453115
0.03825038130196883
0.06254610120957108
0.12676137423448644
0.12446477202744484
0.017731877663633298
0.07535153397258304
0.06126980306938043
0.07717976274623513
0.09119811552787076
0.07972765170716319
0.07608007518450825
0.09870211172535188
0.06983523873033975
0.040179001291641696
0.18985037683629732
0.07726414684409262
0.08131369187394429
0.06839544343540575
0.07618529770737158
0.07363288186186664
0.12284336606418997
0.07638728911368838
0.10289803437300131
0.040379121360141136
0.114950511436573
0.04873979332126064
0.12101531866862292
0.08703367460569643
0.0860432713028856
0.09217446598757206
0.10767534929717808
0.02739378052218234
0.06736666277181418
0.036854405057140514
0.04919274904124183
0.03622919327693339
0.05302255297717656
0.03255717337628305
0.11118588379515813
0.04510782799195797
0.09497178462549027
0.02350640608231008
0.07008478447156585
0.013180267683631954
0.06131329225240451
0.05144759335069428
0.017790252209784498
0.04846151689873294
0.13145028473505344
0.09520549704890703
0.022783789265481837
0.020755864031151695
0.05853107872646036
0.04724659081636204
0.016930850491085173
0.039237199335471616
0.05975748905285698
0.09576217914971395
0.01658283310431445
0.04496780178532884
0.015493682836889601
0.019179883335619586
0.03201846726871339
0.05985863605768478
0.03168040281115863
0.01825647307313251
0.02202087365741161
0.12783390426172458
0.009632149505896583
0.02529444661706556
0.06929628881251394
0.025772993294509498
0.0028964296194197363
0.0238465803285944
0.0045929813021265585
0.027794410739703453
0.021397018731292745
0.0023829727596428717
0.027921294691397928
0.020409398766701736
0.03159170006205273
0.015333436075342422
0.03209720465764003
0.040696361428381414
0.012387406405091948
0.05998525329630988
0.04825383404079048
0.08850698555912541
0.07399899577380505
0.04144129375024295
0.06208514673001841
0.036040878714667234
0.08406074340800138
0.009956526728788566
0.1326451364961046
0.09059677681582443
0.02149397981448604
0.07259661715211922
0.08648412341644746
-0.0035973573495474854
0.06590991331909034
0.053496202475146304
0.04569686838350231
0.022994682436634772
0.05359355893520894
0.0448122691262199
0.08749597154203313
-0.012789263655603858
0.0479297417455224
0.13725774698118678
0.06623982659315969
0.058519549174042534
0.1015923484211415
0.01870705434709781
0.04042782845033234
0.022026795399179525
0.021168759319105262
0.08130060344277211
0.04902534796937816
0.023394560352486653
0.06689385726343239
0.06555328443793701
0.04312168833921104
0.06569783409966022
0.039310631071451343
0.03962972500779058
0.05784107767426984
0.15399000005987573