-0.004686703400738572
0.10913201287337086
0.3781162418420127
2.047443433390497
0.008429203618530837
0.015915268009237364
0.0068846785757199725
-0.011786198196053362
-0.029079094302443136
-0.024967640523855725
-0.09339065991361394
-0.0017079543259242503
-0.046845135475265
0.04366382733471014
-0.0318712750344353
-0.04496432084785689
0.02154270011277377
-0.02786138211043691
0.029105579382410103
0.062025443731206074
0.060623275617972434
0.02399413470948981
-0.07605192042750232
-0.04505259405855463
0.06049833476416195
-0.003003703141234558
-0.037067810967369635
0.011939880094717685
-0.03944983752290852
-0.005835477460050778
0.024898287493450008
-0.014111318529376006
0.8776764943934727
0.039989526516484124
0.015065409333021468
-0.017177062515810047
0.0626271668928856
0.01913347376206447
0.003419508642658714
0.011956352115457388
-0.15760059666664883
0.05012143098050563
0.028207661969908062
-0.03860484322963282
-0.18072318051404154
-0.04339865190303707
0.028867493860133882
0.028605919239377477
-0.052114976970818516
0.01933291421391965
0.07016563523945091
0.02275937847361812
-0.05592116878552983
0.040772818960310875
-0.004272755204073919
-0.021886584916044484
0.049441889748883985
-0.034493371188563896
-0.14226994400568693
-0.031015942937401748
0.073469042541256
0.08941327277541412
1.2667064133748807
-0.003395269318670081
-0.03990270249539918
0.005903698060756923
-0.11614019919643113
-0.2685261229106399
-72.58936620586367
0.4271420018319977
-0.296139673195562
-0.014806827603077364
0.021100102177030657
-0.07576296442844331
0.02325032628624481
-0.2354131675967221
0.10661116787763099
-0.061951250638242174
-0.018969564383991673
0.027807526006624544
-0.5534284919721322
-0.03808789811544013
0.39458386622186836
-0.004688272789015392
-0.0769032216054921
0.04984795143027491
0.037498522451992665
0.08129706062276035
-0.005228069246233886
-0.03796306277109652
0.09773086032769479
0.10070325515554805
0.031118557437271533
0.0080246637150475
0.02662355698249834
0.033618485559124646
0.017109107411024515
-0.05507790416897424
-0.04155083187284609
-0.04212881374796871
0.07684013695860019
-0.024088613294322322
0.046173660010802677
0.07668995137745067
0.017754690963730876
-0.07531743876924993
-0.0157835788549596
0.04186785238493339
0.04424146474691231
0.08837424826737876
0.014404708075943828
-0.0576399498422986
-0.0022091012749830296
-0.0878764965997436
0.05425480932514152
-0.08713340472636867
0.0030585197781482065
-0.18345439387207432
-0.057807178083439915
-0.2338708934729946
-0.08246528123920209
-0.1915396026912413
0.01333252233478013
0.08387769974029732
0.06769426845295808
-0.03235950466285434
-0.0960491966834845
-0.17120160139004748
-0.22403504949947275
-0.1457504075521549
-0.036615508455228325
-0.09263675578014187
-0.2421645904952265
0.04162126517465127
0.013322040512580529
0.01569093723017332
0.006192096100341465
-0.03828238901037059
-0.17175034661282496
0.00992216561256981
-0.05898780628281471
-0.1220773443046302
-0.05665081872384549
-0.04090062160983739
-0.011391543463871622
0.0492809303947238
-0.026882065277467598
0.038521950419091025
-0.024058343766328216
1.0483413957503638
0.06438107776647756
0.23873701534010225
-0.5514279467780104