2.0942941180873684
2.2309551884446748
1.152566545684938
36.41580459273714
382.07449234225834
1.5757533729692181
1.98812570811231
1.7721054140271386
1.725704983793917
1.2335248666201524
1.2769757231882681
1.5800513333440123
0.7836761818066135
0.9105910002210916
1.011499357814288
17.66490422661369
24.691073700371806
1.109250724927519
372.27674025484373
2.8175056467019557
1.496719328970576
2.4476475984291266
1.4495994654969724
2.471764645264271
37.34136364135316
13.545512743441767
101.45439126598252
1.398558963195589
3.775336875365234
2.2939356697486737
28.763698909061638
1.2866203605000681
3.2984662501662254
1.9644102680569742
212.92131602160384
2.0266686142616965
5554.816049904586
1.9188456109952003
3.899393475636346
281.94400096100907
1.2984021891355477
4.641009743192388
57.266412577760555
6.092705183639473
17.21173477730703
1.726684973996042
17.082870851837278
1.947499252084263
1.8432681406162519
0.9208973209085489
2.1761716295672295
3.1484541740065746
137.741248084656
1.4449926926793037
56.868599772999325
1.8466859043809005
1.3705424293412396
2.7623835016364584
631.6123798640492
1.4867833664859185
99.77539728088952
1.402077200470247
2.3146291400143144
4.013606760112006
11.87748729866786
3.5499189638153474
1.0694864424722945
1.120813831682947
15.768659067609146
2.0483002296966313
3.663635848034279
2.7515288764469736
3.800179768928926
120.74953230406074
1.1889568114367228
4.009862326687219
2.0236135407395452
1.240250481183546
6.637018024567275
0.878511328904737
2.0229606985160347
1.9880856871489925
1.9742422210031092
1.6796376900819427
22.215867071857005
1184.829399252206
2.1093029392403824
3.6351927406674798
1.3378874409449446
1.4134503109347762
0.8191292870646795
56.59226587336882
2.5748014758249798
395.7778564292174
0.9599618882777025
49.95284408341773
2.9995062907601273
122.07363666483847
9.989976046815853
2.01703544603666
1.861363123802544
4.878426601965019
54.75217166241581
4.285736547936004
57.741086147533935
71.35319988718251
922.393405197107
1.0218913272279184
3.095789719498446
2177.791869208588
2.939621284918763
33.115222173778875
2.8783761682893405
3.3958362050837283
264.1339384732166
147.06493415498034
1.361993673049409
1.507206169046381
2.2161378256008755
1.0327422362336987
1.5199549481959438
1.6373139001956514
1.1475404895804295
27.997505099149034
1.4175868964009137
183.68675792695052
4.237492005775497
2.7898510702940484
144.76305066647993
2093.891170144486
175.61520464156257
1.6566992408321146
1.0930941847130786
438.42451847304244
2.4738055071373304
1.1542580764259205
3.0027152232986363
2.7993467878757317
0.9650489495204029
1.400746246933681
1.6891263701151824
532.1197085724997
163.15200812455538
570.1543222937913
1.3026491442979797
1.4575048751162065
0.9677671258093855
89.59779406873
224.68542690342133
2.6682058544183604
1.1307876941685355
1.430345524799376
2.361691194268426
1.0941707820962692
1.4564049751880626
1.0931604186033366
1.129398362666135
0.9458203080006234
0.9984924037921591
0.6072218902754042
0.5959127034713957
0.44886659319014577
1.069810029923688
0.8683582361299766
0.6580713026439936
0.6311422342771742
0.5454581742443937
0.8205461700321738
0.5984259146241222
0.7457058463585783
0.8843207684128587
0.5949069917015459
0.4172808205090875
0.7312194250837584
0.5381477050434129
0.632710515390438
0.7111769209847929
0.5510439965212535
0.6170229916004556
0.9994789520001427
1.592730124533972
0.8777754128283772
0.7931923216332541
6.749314694551745
1.801064793973953
4.026312303183201
1.7690961202356292
1.6467216063829873
1.9201520288286793
4.186031359973092
2.612612833558849
1.8691878912206594
1.7642738345265807
0.5571855455185005
1.4329571696968666
3.1180464410125324
1.270111093501219
2.0431242620213346
1.1400929297955746
1.6389276124580099
1.5463008717385416
0.7736558932907402
0.8183637348307652
0.8263152073536147
1.5979199464795084
3.214360162446026
1.7842125454476097
0.676098069577251
1.008027032322993
3.669597764639962
0.834162101570376
1.9180504685950743
0.7199872094547495
1.7388449995843998
1.5037890528950517
1.9606141128070438
1.219276308448442
0.7525603011100304
0.7680053623836028
1.0174897421277231
1.123286907620039
0.6263889487889976
0.8602821888755062
0.6683481836405171
1.2097770422191108
371.78190513085366
1.8922629691915827
0.6479497611113881
0.5406419336655984
1.8676746956670047
1.4186331419684688
0.637521492143369
1.4587844397331018
1.5856794854476328
1.3315522674426818
1.3110299566128978
0.700870967123576
1.1345758735635625
1.0048781662220452
0.1957047582795951
0.8828347887536981
1.4247650196943038
1.1775186889238913
1.3481902088728381
1.2132383313543205
1.2383690620823358
1.0651575953286085
1.3700849581037005
1.4846183251282494
0.89030912264868
0.9048435582232849
2.056849775138384
1.6659038024118205
25.749896973611456
2.1783690959671866
0.7951944563193495
1.9957741179034116
1.905335597699872
0.9914914638404896
0.9926241051746905
0.8119278004647714
0.6883571713447239
0.48146829157347987
1.067189802791407
0.5482048346758605
0.7097731878733556
0.6937938770571617
0.454495402371434
0.4830014487258603
0.43075154458768244
0.9225160711489159
0.44325635030094757
0.9915320267922925
1.04508208363445
11.246712470091426
0.6457483930097572
0.4425634291741968
0.43975044180575423
0.4550854940802309
0.4565375469391996
0.6169402573337026
0.45359079619133913
0.43502852213531396
0.6881403353640272
0.39687755887418413
0.4738572627757551
1.0102490499035794
1.5121647940425522
0.5542892887586862
0.48264105485746867
0.43270972172154065
0.3447301875651918
0.4975938321438818
0.590720803147608
0.8198411239749506
0.7347046460767578
0.9805796294389062
0.5234981626761966
0.8104705638390605
0.6153566422323253
0.445910536692698
0.6198508138932587
0.7341997379139479
0.762418512802647
0.9062139208004463
0.9063418700657208
0.6574899550676123
0.5007759830532185
0.6761112375292984
0.7239340957489969
0.3471177950306792
0.4853084773345845
0.6060568137234623
0.6213837701573692
0.3929024199435815
1.1821704996424427
0.9503110113956069
0.35631111276144867
0.5945705358575215
0.99044858260523
0.9779223984248386
0.5438015613140568
0.4255715667153917
1.2803508776350794
0.8012890698287048
0.5895186250492697
1.0005451236450824
1.9838992464764174
1.6869971873194172
0.7858916120468177
0.32095001403822887
0.5875221742518134
0.7304443137630224
0.6112752829716399
0.6257268199368443
0.5103809014211257
8.27003852569447
1.3179231208283877
0.6925732146621801
0.4618018908143801
0.5882098387737393
1.1873208200347163