1.4924853202150004
1.9458873171637885
1.0667261356699937
1.3824429088641563
21.97372850248675
1.462265703540269
1.5569402105443597
1.1938009221071255
1.3711805280559808
0.975018209136675
1.2648094787541866
1.3499277881767742
0.738420137502028
0.767198555698901
0.8573157551273531
1.564202500521884
3.274894679263264
1.0768393712235846
-5.570482237909273
2.4799747195808983
0.8584246671462441
1.8262415216609247
1.181042534446473
1.8208610256882418
1.9622802454768973
2.3144546207453605
1.881766109941766
1.262624730710538
2.469906524975545
1.6339284894729287
1.945702864324833
1.0500049663931976
2.436679082275092
1.713865219120229
-0.22068631668714972
1.6508987753713644
307.17327055239707
1.2787357946946591
1.13189806664859
4.092443940480622
1.1703769940659985
2.012154020302745
3.453685909488049
2.533632868188509
0.018426852079614964
1.3712354618424747
1.8498506053984323
1.56881381852747
1.4944129673667947
0.8186776248120524
1.3398069009216265
3.0652570402025225
4.730674938873601
1.245492804539835
5.209828159082555
1.4402528145412616
1.0055158777220825
2.136211012588137
30.915627396530216
1.36259543013106
-1.160993379038685
1.2059886152399308
1.470521740976811
3.464304644805338
4.628002490481046
2.718660416905046
0.8335922162674922
1.053472200671715
4.737847555601034
1.2558644393678855
2.6960630736135647
2.5151375870368025
2.6322405027478024
8.488352523777374
0.8138535000012909
3.144085439205587
1.4510504487335438
1.066318144652671
3.8961657489115535
0.8949718015068169
1.4573349647389862
1.337659620920192
1.5361080114749226
1.5762158160926187
2.233528711209722
11.065816820837808
1.4586511914964209
2.683802888149235
1.1191171640828887
1.43551995098917
0.7483456635453124
4.128455260643885
1.7908760476580345
-9.59954035295589
0.8302945051762346
3.2869628996129268
1.3559796401187403
12.4337866982095
0.5757049214109085
1.3673778220846107
1.329068342287632
1.5968742177274617
1.6230713367507397
3.355253828458949
2.9474511896422992
3.406718873128516
-4.315259670599529
0.9621756554623941
1.9926559264605546
-8.578060997587516
1.8467709642920844
1.2899488480127461
2.32046744466887
2.166482544949794
1.1187923429207605
4.276732292753106
1.1392324554603488
1.3219539534396647
1.6177781075764572
0.8534599049948464
1.187411366520921
1.40322059937125
0.9313745701840075
3.1178570820062363
1.173214933089199
11.766472202314626
2.434671832616101
2.167208930017349
3.92283929217675
34.8795641262198
-1.4990528039703335
1.3494302755462018
1.0389076945461855
6.997582198325014
2.0404904863983386
0.8926969422058958
2.1149143807123227
1.6919225240916052
0.7433298510069265
0.9924568205650907
1.2614622762984178
13.245660632874491
8.873413026906428
-19.01296138487844
1.0505143606106009
1.3623586195502786
0.8082656712005802
-1.577374295140702
5.43715584726834
2.24859308601836
1.0474107138147195
1.3342684667326488
2.227299396701428
1.1246257953300989
1.3944222654171972
0.7216340463452872
0.9567290775049331
0.5658631757778121
0.6363241323327786
0.5331137208202158
0.4208169513257669
0.325597842704863
0.9804337329921837
0.7955316979754843
0.565343638939726
0.43274021631901544
0.5975103587136952
0.7487244314954887
0.46370280575890854
0.5851577436639925
0.7412692212979567
0.5034996575001583
0.44231890024131254
0.5420744807702439
0.45292743973477606
0.7576862833464556
0.6410051758071763
0.4738557548391312
0.4874693265576164
0.811921987874603
0.8137577595099298
0.4408240906991357
0.632761691829402
0.06575946357386897
1.2613966918162949
0.453565444357724
1.4851779523661952
1.4410793276197105
1.1462289643518082
2.3202917986497402
1.3254484599537053
1.221947620939714
1.7200398016867073
0.3743340730645966
0.9243465712996722
2.331952085252124
0.6157944359179428
1.0311769337343357
0.5016190180551329
0.8998844780957852
0.8632810296332495
0.5781825618815112
0.7979821262205093
0.5542877227169956
0.9154217910381102
1.9169547982164208
1.669599197375247
0.8139223484802617
0.6131431956326796
2.099450358440982
0.4635716040737741
1.1548594746776588
0.5197305201583372
1.2680890074642257
1.2612750923348952
1.1870415544763708
1.0448419923542984
0.588278308972464
0.5175461132347027
0.9924290507885459
1.1549954402465414
0.49371607891820485
0.864844755791079
0.6385704892484506
1.1164355717774537
-25.393811934361672
1.5058937188947448
0.6804874125624824
0.543905023900004
1.4842477914991785
1.0367731198421843
0.5491372855037855
0.9849011323168995
1.1600147214031589
0.9713472538790374
0.8528641859503341
0.49893738863440545
0.8395252428581141
0.8698378182283705
0.19603213143307044
0.7862618196606957
0.9233634268709292
0.872697408909419
1.0238988377192877
0.9743157418397382
1.1247245201328937
0.761171765234668
0.8585883880243903
0.4925045626331228
0.8225311656149156
0.7220153487982204
1.6011384599167346
1.4660437522845338
0.7314805522409307
1.4715903182055725
0.5422525140313383
1.7663634428847366
1.669545926126015
0.9067167139319405
0.626815707113594
0.6229249079862228
0.6268196402571612
0.3536513135119513
0.7917989516996431
0.42572131382091855
0.47670114301846866
0.6406846861857866
0.38592886834861734
0.34886649202487463
0.4340968053361218
0.8398580333805291
0.4495809244089226
0.6873656260414985
0.6764516547897117
-0.8478464546721352
0.605328769985512
0.43350284994140753
0.3480380898659853
0.40302926373704995
0.3982601990163885
0.5718705113130191
0.4284970842872421
0.398903657824544
0.5715696378877501
0.3866743113337234
0.5085635563289043
0.8404595829081014
1.183271118515747
0.4538190372587332
0.44366446865460146
0.40395122624133906
0.2827769635672825
0.4591481352030132
0.40443526434022425
0.6430653858277978
0.5814253466500106
0.7657463957556816
0.3672734221106703
0.6279993003080119
0.4523690720653913
0.3304997676518475
0.48374693212805014
0.577445611237799
0.6365000540656067
0.5927280893113914
0.6036478554617665
0.5515734209530821
0.40192361349552946
0.6236922015204351
0.5752441723797179
0.3190126150415954
0.38123729952926305
0.4340389436720175
0.4673951029559069
0.3232844397276026
0.7804966946493757
0.6348246588710142
0.37796532280424433
0.5060492642959256
0.5324378042394012
0.5569956268105908
0.4675914956901751
0.32398196498273435
0.7200051153090271
0.4890828523111965
0.39866855871656326
0.7406034700614847
0.8772997450809751
1.176279993784551
0.47457803782926505
0.2620232899619746
0.4206199243760928
0.6731789212300723
0.45492017417461594
0.48868881267312925
0.36991134322994185
-0.37205696500878505
0.7027652619174208
0.5289976143587687
0.33012138839760663
0.41618462156037317
0.9442112552803595