0.6743221165218991
0.
0.7185703127836207
0.
0.
0.32938798197206437
0.6239089651118108
0.7016071361124153
0.
0.
0.
1.1467626394619417
0.6744261039115516
0.12167074962960223
0.
0.1707128623963811
0.6417690623795406
1.2087444436572752
0.
0.5153030574284567
0.033035529936281144
0.5557332731517965
0.9023777047381638
0.
0.
0.
0.
0.2974184460712866
0.13678669051740847
1.3560873375808782
1.051506640859409
0.12186299571899949
0.04021533040572976
0.
0.928875705694691
0.2824764115853274
0.
0.8985299356611492
0.7681707479577933
0.8260745900275483
0.10560381683220794
1.0076115771971728
1.0768859486295634
0.6354194506220298
0.879177170626595
1.2641215605832097
0.9374544180523203
1.0056978866485025
0.9518311398844146
0.6149559632083853
0.5592598737810237
0.9121847761440491
0.4983128851731956
0.579264147383172
0.
0.6307228808141788
0.5278756349220127
1.0625153025977396
1.078117556435737
1.077252206529814
0.9635357241050895
0.31525692782927545
0.9323916403915856
1.0047211211331566
0.9763427648809763
0.61053083557056
0.9853403999704619
0.6118489862772798
1.1120960490304908
0.8813396093543427
0.9739612927189433
0.
0.670169736155707
0.
0.8257979075692622
0.9639508674748843
1.1169359434783463