0.3148402478907635
-0.5850220265253657
0.3611535398107997
-0.3921154153322137
-0.914237261190979
0.7004308162948233
0.2830073226831835
0.7677742534732822
1.0219640979619569
-0.2215221450981638
-0.1094282173811158
2.023281105999992
-0.28510583429887676
-0.9342415614926486
0.4792998533459642
0.84649574330559
-0.29162501410809955
-0.7563662033996109
0.9676488773923528
0.3829711403573306
-0.35187336437128347
-0.21780796361935095
0.1302096416594572
-0.5344037102952435
0.8609027697758502
-0.13545826204912
-1.1790119119753169
0.5144185831204475
1.764219898750053
3.1659583469190213
-0.36146234869221683
-1.5413659654235576
-0.9711782172021007
-0.5779395406040989
-1.801982645940231
-2.9726275604385655
1.145840993145425
1.9292216464943637
2.7572762091115375
2.5791490947497593
-0.2670478707453164
-0.8155638096829191
0.21328940116848416
-0.3099014026861783
0.17289776484789182
-0.5800412081755808
0.32225267421362813
1.4899047655766469
-0.6706915485282237
-2.4638612546829166
0.16951940308757113
1.2160901978531207
0.6411603832829283
0.5242685203033355
-0.47399864510023804
-2.6530212166516685
-0.35245335599636546
-0.34132092331012803
0.35343723324586607
0.5242777283692583
0.223699986133418
0.640898517596672
0.3836647015950454
-0.3325548806066245
-0.2012277869301591
-0.180127821886544
0.6912124094831029
0.714451300319102
0.2988734749841115
-0.010883489001797584
-0.2952404230136606
-0.9188519888854104
-0.02341557864844364
-1.519528707537066
0.7261441858961025
-1.1652408724004526
-0.6773318320573807
-0.21656896124453046
0.08841580121652037
-0.9254634845289943
-0.17311555907031087
0.17200196363256867
0.3955284185520292
0.2506581704538728
-0.5059616832523798
-0.6005550814564088
-0.07397440580288066
-0.1453541762381871
0.5179906835340313
-0.14190575988769427
-0.4938833748948894
-0.32738177229778653
0.5592187691353669
0.12935779863350647
0.08717217732710472
1.5014408655687428
1.7872216972950652
-0.6339598640645229
-1.1653035951635518
1.0435834432570121
-0.3221368269394078
-1.4239145566374682
18.499564175913136
-1.280571239492906
-0.8837206678426736
-0.8684849725196123
-0.31478606404377857
-0.7752138717257353
-0.39532054840075687
0.8580132864955662
0.7468019115906867
-1.1861041297868478
-0.27493202813155504
-0.40155724258237246
0.019389931602063242
2.1003765796096787
-0.2302722071804738
1.7030084978266982
-0.676493963897549
-0.7288406910021107
-0.5411191777317401
-1.4079122352547586
-0.5153195624437397
-0.269074403330247
-0.4313791720087572
-0.598107336480249
-0.1439913423042563
0.33263889726267404
0.206112879335668
0.06162537976955255
0.8455951164712835
1.4986904210253382
0.5800992417695034
1.4458023317059125
0.9931160134204333
0.5257800958408004
1.106596616819157
-3.5965183562113285
-1.136462659816885
3.0117552122421083
-0.2784049551198934
1.7235912908693423
0.3312998621785423
1.3744921566203967
-1.4084574777592695
0.10352383855559685
-1.0806083484261686
-2.251817821457634
-0.4238376275079288
-0.02547805111965049
1.8476780505698687
0.49958049149460176
0.6161704936169476
-0.02774966166703786
-1.2979793434007925
0.19441439442842084
0.5044335948466879
1.1181712358605096
0.6609140490994252
-0.6176152083548189
0.02265549194423722
0.48195447364688904
-0.9927554506600609
-0.020648605489014652
0.4641975890625266
-0.5628093808749995
1.0101889121016197
0.715719524753734
-2.237165989970636
0.6022120585811694
6.485500359212566
1.726462210848097
1.1330903931520597
-0.11384643068873947
1.400483719490894
0.8770182725972429