0.15490141989327086
0.45564923694350806
0.6978116846421075
-0.4421093508981627
0.392933061899774
0.049422274916780945
0.14155224118127868
0.08970657086434035
0.40750594105463933
0.04467389840054824
-0.017327606514888162
-0.11142185134946206
-0.04034169223288424
0.2510405491404499
-0.2726002958198566
0.18345643208997886
0.27004455200741845
-0.22436052455648325
0.2201796563346714
0.2044550083619464
-0.24865444961381347
0.23126221069562328
0.17781034939084317
-0.2825596077674199
-0.455497937759386
0.1306181657638477
0.6310770838691406
0.05793935857414224
0.4549481938582902
-0.027423097318003516
-0.1990186332574213
-0.27023366188420905
0.15060871997594508
0.21399008824650498
0.23286837668869018
0.05756833179817481
-0.09559708244741513
0.2686422419253129
-0.08681493013804192
0.28498865484042796
0.3972040044993341
0.15724511541027908
0.03230652524192292
0.37892998994631977
0.10277003861612358
0.04091520134836104
0.5759236810709555
0.5680061664318181
0.08387039483484712
-0.13981421585546563
0.3081090271888733
-0.06831657834315089
0.25131865823164
0.05256780194251779
0.34125727380977555
0.3363092751901462
0.6293770133292645
0.3732686306336012
0.45052412987620416
0.3508527037597154
0.024023802691293058
0.46215671581658746
0.3550556531522397
-0.17677137438069263
-0.08895842192244642
0.3725842375335588
0.43533588424154196
0.12283835464441066
0.23040439448106387
0.16501376903431952
0.18315169333270687
-0.0067129608364168486
0.05510384306391749
0.17858843944530897
0.2112063379821175
0.32668004001409257
0.007984105500326565
0.5490601969145418
-0.06841593396087582
0.5338302427547633
0.2184261277834215
0.2672549630396229
0.22859931057387137
0.28862255971672496
0.3199220767880109
-0.022807682360273484
0.308476352786036
0.08586400938115339
0.34958415432591294
0.36566749247084723
0.31547157252741226
0.2238623534814389
0.20853323688745962
0.2994242101681417
0.46601587272260697
0.0006179193923167649
0.03595873956814387
0.22138393741538542
0.14783054783399932
0.345687331812398
0.58947939028313
0.1956877869451804
0.038031889863844995
0.36317790668213407
0.05636961404307826
0.30815403889709275
0.2410907859739775
0.12073777404205427
0.07459631406953968
0.16916359652074803
0.0930907233385816
0.2507884460957121
0.2576451268545095
0.30255709579789575
0.5170289655429127
0.16305665133720298
0.1857381316917127
0.24686748150794816
0.23649610185202657
0.18055097207004187
0.35464607257722924
0.5233950622869307
0.47964247128744186
0.41540813108349794
0.4417799965105469
0.18539962255800302
0.5262281868915462
0.02059074517582537
0.20323081437168894
-0.171461716979753
0.3101981094834756
0.163865552298688
0.2185538326517413
0.6531191119191864
-0.12728200373332393
0.29513811805767015
0.010169297056611822
0.347531535872243
0.09376205600982547
0.37781140963678334
0.10399254486563073
0.07287183541266536
-0.05192887812348073
0.020057014386276602
0.17041245819001077
0.2218506241083345
0.12251819584483299
-0.038633603522641315
0.1889275022709021
0.11874203738568738
0.49888108594370306
0.13807260851133882
0.20233381004459683
0.2746145388630131
0.07763433668328398
0.1505045131070168
0.14150355847417
0.33017399237343814
0.2816808778215501
0.03610512746005232
0.45269844881024807
-0.0713876103082307
0.06669817572508678
-0.17156984133711312
0.10811502694220275
0.12342407298270555
0.3318195780953851
0.21771809249506843
0.2109983502951307
-0.034107861114940755
0.16497141570999582
0.38041391419877923
0.27291863070276756
0.3946600935748913
0.1643909720713155
0.42869047320720893
0.247270040984327
-0.024187466434633247
-0.07897985490555406
0.24452953253085508
0.30434664937218164
0.22769149443345427
0.13354569077524747
0.12968198592115615
0.23424828406676432
0.09549982827460204
0.3757762927212222
0.1573511839532888
0.3394454093868224
0.28276529380540155
0.43830979617491733
0.19006377930003185
0.29767982407038535
0.23243853545822843
0.2757041840111665
0.005832989481894957
0.25688364011136067
0.4075847652372508
0.6394826363901885
0.49354166452005405
0.2503362867487046
0.41584879546384634
-0.05505567912910262
-0.09855949060531584
0.5478292264626647
0.36562901598613895
0.496525689804493
0.38484570244277544
0.41296039812168084
0.2531681117154745
0.5629736252904426
0.35672212130378533
0.20277156728438075
0.38460391620190665
0.23726758433056166
0.10111279045973433
0.038857505260875884
0.6558842139948484
0.1504510136299567
0.24886455598571375
0.31663209160144745
0.40612116498324197
-0.014953781857750948
0.01605752832747211
0.3686954057700228
0.3412867150855583
0.5344826133559777
0.48574225624991835
0.29511785440753885
0.3761803581379768
0.14273936102232476
0.4011143651822593
0.3127172208199014
0.009505533052054767
0.30964475707780703
0.47500826726996326
0.38130257112678295
0.24296907076862675
0.21914785215257457
0.522538771524399
0.29441312924086427
0.2535813652455802
0.25156692736125275
0.20162048957878273
0.08963265623858517
0.09562221792510009
-0.015888590205012407
-0.18070564428420738
0.2858509131825356
0.1610196719786762
0.26361288626405077
0.1999186813743634
-0.24127720319545298
0.11504566725516717
0.07219598626240809
0.3136145244835154
0.26399040805924856
0.3893659220245596
0.11531467520767637
0.15215742753465744
0.33209568337282186
0.30154481046040293
-0.12035636907843701
0.23633383283037437
0.36814442709023104
0.4414954499637256
0.23481067669608152
-0.18486355497489476
0.2214481291880372
0.3615483228764087
0.3120858793235813
0.29859759586578033
0.1843772528514732
0.10318303985397834
0.2882937782099313
0.2452768845798227
-0.40938162921778004
0.222517371036863
0.07122344631471926
0.16452974668845424
0.06710188223107234
0.20616791365623915
-0.02645215231053867
0.3995224284451598
0.20794009167961452
-0.02144943311421937
0.4021356985380231
0.14577687417744037
0.18080141197166824
0.5207824623055771
0.3565854323431658
0.3695908780041306
0.28066057352097584
0.08429863290184501
-0.026615690949428446
0.22862984102919742
0.36089329282044663
0.10673370005622103
0.514579435467744
0.10716495076292265
0.2000092878407491
0.37439749367645503
-0.12023062565640821
0.41639317774921564
0.1062080549494232
0.11531864604640403
0.3129821600482022
0.10180883382819354
0.3835057366118222
-0.017645001024304174
0.3492708236576833
0.1636990857752492
0.41900829782706334
0.3175249866950837
0.6426882277008064
0.336321994316421
0.3473032853155637
0.37298666909752354
0.31252396073159006
0.17293098121901113
0.4678926963922157
0.4417136931658756
0.26535528882794784
0.0551354102132143
0.11004598073643831
0.3421839633373688
0.02601310983585606
0.36071706252209584
0.2346729005924552
0.1608571912743088
0.6111180668038547
0.0697303453836237
0.16623917606128447
0.23619793588671453
0.25412714334993564
0.23108341919198178
0.718275390879652
0.34136617266432173
0.34899479401114086
-0.5534431784840158
0.24025033651145714
0.17264477641508566
0.35145097600792297