0.45564923694350806
0.6978116846421075
-0.4421093508981627
0.392933061899774
0.40750594105463933
0.3398638749395458
0.2510405491404499
-0.2726002958198566
0.27004455200741845
-0.22436052455648325
0.2201796563346714
0.2044550083619464
0.23126221069562328
-0.2825596077674199
-0.455497937759386
0.6310770838691406
0.4549481938582902
-0.27023366188420905
0.2686422419253129
Table[ToExpression /@ Import[StringJoin["S:/Imaging/Garrett/FMB208_2PRig/", dateMouseSessionList[[n,1]], "/", dateMouseSessionList[[n,2]], "/", dateMouseSessionList[[n,3]], "/LocomotionData/", dateMouseSessionList[[n,1]], "_", dateMouseSessionList[[n,2]], "_", dateMouseSessionList[[n,3]], "_", "SummaryLocModIndex_Baseline15sAway_ROI", ToString[roi], ".txt"], "List"], {roi, Flatten[$Failed]}]
0.29624812279574597
-0.13981421585546563
0.28935195774080064
0.3081090271888733
0.25131865823164
0.6752514710500837
0.34125727380977555
0.1698449504275312
0.3363092751901462
-0.1514262426341119
0.6293770133292645
0.3732686306336012
0.5741553942974238
0.45052412987620416
0.3508527037597154
0.6220427183785312
0.46215671581658746
0.3550556531522397
0.3725842375335588
0.43533588424154196
0.23040439448106387
0.18315169333270687
0.32668004001409257
0.5490601969145418
0.5338302427547633
0.2672549630396229
0.28862255971672496
0.3199220767880109
0.308476352786036
0.5422918777245188
0.34958415432591294
0.36566749247084723
0.31547157252741226
0.2238623534814389
0.20853323688745962
0.2994242101681417
0.46601587272260697
0.345687331812398
0.58947939028313
0.36317790668213407
0.30815403889709275
0.2410907859739775
0.2507884460957121
0.2576451268545095
0.30255709579789575
0.5170289655429127
0.24686748150794816
0.23649610185202657
0.35464607257722924
0.5233950622869307
0.47964247128744186
0.41540813108349794
0.4417799965105469
0.5262281868915462
0.20323081437168894
0.3101981094834756
0.44764861790598104
0.5116324081562901
0.6531191119191864
0.44608310481593927
0.3978309180624041
0.29513811805767015
0.347531535872243
0.49888108594370306