0.8779412122175743
0.8775721827242056
0.2206643036502315
0.10238853807680358
0.1894528244168073
0.603682577395786
0.4701268647826696
0.8778167521263995
0.19720908029355488
0.3990552113906144
0.14176402982403363
0.24557817032378673
0.1530012051427975
0.11960254088772856
0.8071205252147176
0.20707656859882256
0.5558674669378156
0.13999663844903748
0.1073704170217737
0.08382380656206581
1
0.8094708217104786
0.36982615519890805
0.13481408589206678
0.27663402661407555
0.16637513514518726
0.4275570521374882
0.11140618917798961
0.3615384228301318
0.8306042204271108
0.4457345988512243
0.21541391943179197
0.8166753716039201
0.29569907617211666
1
0.1066126992049819
0.26284621535613456
0.13866341958998077
0.5445433787747465
0.024886235809986584
0.2608144389535301
0.20028592296092373
0.17069422436094786
0.3612100115436946
1
0.5045141543574477
0.7350115507082616
0.8394700839550503
0.2961791878579952
0.21484044655793919
0.22440704230402603
0.9510988885349803
0.4505012711915939
0.2566049636378263
0.5388687399216464
0.2750001969513545
0.920708586794635
0.0854830244625102
0.37000700450577984
0.7497265173789537
0.29197181321731985
0.2020962290589121
0.5193674680647485
0.5193087469432941
0.3058228621710665
0.3537916696860132
0.22601794525646518
0.2770872082390641
0.2741373974851964
0.1649352257081943
0.3802534255242967
0.8991220317229561
0.41657467103556295