0.05398345949275809
0.09290905160884744
0.10283418176811022
0.07360648215910716
0.22742981745117338
0.10866262594466541
0.16097404872693222
0.2172790045035611
0.11075995389612729
0.06170490473933004
0.06917621889084204
0.08221138712867655
0.26139238632559203
0.15487871619019247
0.14737373123089184
0.17910401710001345
0.0911787633554738
0.10900495084520466
0.0663025707926873
0.07307531361551076
0.18898727602666351
0.1229846789016215
0.11994902633569987
0.02625377111746399
0.06068460053028756
0.06839776405303717
0.05503425075649624
0.1022902232195292
0.03352115341424
0.21160337743634458
0.07635984808540032
0.1436959920329329
0.015866067151025082
0.20842775930865812
0.1218883702221739
0.06395740658589442
0.08348217827794231
0.15288004478370593
0.12870985374246513
0.09893794823008113
-0.006936953833318659
0.1720911451176854
0.03881618930336076
0.08239733569830932
0.04720498652891139
0.08248896836405877
0.08470873939723204
0.056460303638615705
0.13869789276016337
0.0914481784207258
0.17545128465495763
0.10333145460931038
-0.03366960371575332
0.16505686979975567
0.09561840443759716
-0.013916044882553902
0.20873934815808326
0.054724885737004805
0.07380298791736839
0.0865169501139325
0.2625067025567421
0.06425401371612263
0.03988131825482806
0.0616129816687526
0.08056199778373632
0.055052173220827415
0.1802663150225585
0.12341784641720734
0.1094443515683119
0.3773717412643246
0.03967476538121156
0.09367341732141155
0.05081786935219216
0.1379733003971494
0.007962107301307897
0.08774147091475688
0.11215982299422543
0.04949085281675923
0.10156497588179578
0.14422642529585458
0.06002885001651477
0.0512733141822106
0.1194572836400222
0.09846715801301226
0.054019620625810665
0.11842372555342698
0.07171151429025899
0.2004786258798343
0.18250948608861411
0.15850851843035205
0.19763339248454748
0.239232435310123
0.16986116227168024
0.13652030653701275
0.1360596452069961
0.1428542124670066
0.1575628981107224
0.19117504987306352
0.12233735658308856
0.2163170818857739
0.06150469383236796
0.1883206552314159
0.21699146430795643
0.014372682688925088
0.28439383117623873
0.07207553068669109
0.20289203470845524
0.0797139446591815
0.08718532370404206
0.18115223997249524
0.15571703415423035
0.09862392608087242
0.07973667817435379
0.11937291942002305
0.1760957713916967
0.02067481532646791
0.22072576631510926
-0.06593018269246943
0.026145006418223267
0.02163288446979984
0.018065457799562486
0.08556926928980954
0.0883716352083334
0.13526655513553598
0.1945337626798096
0.05623031676756711
0.05703367436378152
0.0643199731952601
0.11572381810900752
-0.031062718275615128
-0.027300984234929746
-0.03622948734156762
0.0032447572598662227
0.10881014579751326
0.18212234538903885
0.0666351918845932
0.08937120436688856
0.03838793629212554
0.07343525359892225
0.15727531068469985
0.04940022280476215
0.18201638170801263
0.07340325115087606
0.01960527448517315
0.13387386668637308
0.08594506582897876
0.009973168041564843
0.1874607551017049
0.07432987036290713
0.12678507715084122
0.1703447462432593
0.0694576431667716
0.029554518919226294
0.11536775990612481
-0.036350541677047994
0.04949759014566616
0.023848229996266096
0.008818201320680858
0.24185145087908633
0.004256182341583282
0.025092785592525486
0.08855692941802992
0.12805592181762834
0.11865250814005764
0.16425201777923631
0.08284790358998188
0.051635094237558084
0.12660041394476132
0.2016212408129559
0.03430018630114744
0.1685637076364094
0.01938305343522208
0.04086697795153679
0.051786452176330364
0.13147654067227943
0.07221967612775582
-0.032652106623179314
0.1845280149028682
0.13753117558455338
0.07916970281341588
0.029801328052828945
0.13321101597546328
0.2680875726466123
0.2688381255535563
0.18012662862714793
0.13814783803968414
0.18267208591755366
0.19029395540938213
0.15934844561740044
0.2186258278654509
0.2864103412883572
0.30592051061771636
0.28616721614961504
0.04247858158790302
0.15725841086505213
0.267201959398774
0.1099745756389866
0.15023614655262282
0.05257454822059713
0.14672352090364135
0.166678355985761
0.21907971535879936
0.27151257147552926
0.16772178077575364
0.26266830344528325
0.13029151962922786
0.18269952515822563
0.17800435230659115
0.1310430885070511
0.148406124432948
0.11032246109233308
0.08528095806822682
0.2090525885561359
0.041716524164017804
0.10136378431187464
0.23096703212279573
0.17359709585451458
0.10555403093116338
0.028481678806274006
0.07193228582879656
0.11172027620344463
0.16774453735929115
0.04602764754567521
0.15992512669605935
0.061804440035356394
0.12199770169455652
0.019791638995712416
0.12289239368565101
0.12802581834455123
0.22616079559441402
0.091999554237112
0.10345317508633405
0.03084124044422168
0.09113824015469517
0.0771122149134138
0.15095006626476534
0.03310472691896776
0.09030856095004045
0.1727705677019473
0.1305097168143891
0.09898495185657383
0.14862941464417392
-0.0333570095568254
0.141437974766814
0.013346630810576932
0.1288029225799069
0.14622797641282978
0.1123577111254639
0.05547215892585745
0.10737535509322804
0.12437057019851418
0.040222393421527475
0.0679547593452416
0.02351658512628885
0.09615184365709566
0.1762681691771779
0.0004019244746467044
0.10235225902314203
0.2960764441991494
0.11093532018188258
0.08419103269569515
0.1429012403428203
0.06093292060341757
0.08208867325523918
0.05624151912533788
0.00997653307610165
0.09220257611552998
0.029806481980258228
0.025931179545759405
-0.023891028004555257
0.01312507490551111
0.09112733583910311
0.1454136837421294
0.09693673217262223
0.059415321389866944
0.11975656354690273
0.10285824500645974
0.16984019909137701
0.07835910575411266
0.11106980160372971
0.1377825448822338
-0.03340830594901993
0.13714702629343808
0.09355927465768495