0.005863046118432229
0.005738525523540345
0.00594805066968676
0.005553240041411673
0.006329391017078876
0.006504319440123891
0.006662696562836254
0.005912310008563984
0.005603282167946907
0.005229983472137901
0.005156025042045142
0.004965251260895216
0.00594562012542678
0.005004720982276953
0.004889568623651629
0.005232719910003034
0.0047818809411099995
0.005071313570130814
0.004589887893972567
0.005119273649796928
0.00544624726978245
0.006260808935360418
0.006212333618582535
0.004508480328158656
0.005019389063268336
0.006000288986738849
0.00688844421100141
0.006184716250120439
0.0059150388798772015
0.006621983965012971
0.0058630461184322295
0.0077925913963805315
0.00706067091632414
0.009254256750163817
0.010776995053009879
0.01367252383596211
0.015273405692922886
0.0201947253935733
0.023525686263324616
0.02524682258508128
0.02665230117845342
0.029109074742465785
0.03166555251041106
0.03252160216014436
0.03352555419319906
0.034303412206392894
0.03541880937929877
0.03683229883890312
0.037079727740615416
0.037433465623640146
0.037721132033306126
0.038614357072951334
0.03904720508077883
0.040648956139250264
0.039831310748264556
0.03834052168424571
0.03962884845412743
0.03912399661627035
0.0389626518409779
0.03893680909019962
0.03905034840642632
0.04172798411098422
0.04068603177755304
0.03786722891017493
0.037729589149737154
0.037315458121014285
0.037210310750871896
0.037444427879319925
0.03821359567807135
0.03920989338819458
0.03766678684987189
0.037773199479556645
0.036483647305374345
0.03706667317778481
0.038603660283759986
0.03851474667447483
0.03798137281530711
0.038669592277268
0.0390183316224038
0.039315751665284
0.03814723869057711
0.039493352290824915
0.03934647595284369
0.03807887805396785
0.03887812349209689
0.039526286002142634
0.03837816811786233
0.04026596949401273
0.04102619412729303
0.04024407980155533
0.04030997651956169
0.03896660410918557
0.039704780217722065
0.03855967251267467
0.03868562207350479
0.03843450493529745
0.038486661199888555
0.03931768196007096
0.03744127329313692
0.03749929189313668
0.03802925086724309
0.03772112578800866
0.03685183067731846
0.038302752422268986
0.03693867456167938
0.03744556921113789
0.03742456627880531
0.03760493024062776
0.035663585716473545
0.03553385677472727
0.037572658496119855
0.03604860403423253
0.0361515022699869
0.03599853888040371
0.035467613614566844
0.03428307284647291
0.03512442936933321
0.034759445150088025
0.034737241161893265
0.0339500863019626
0.03372809406603545
0.03280631004424149
0.0332351007838261
0.03371823175537404
0.033334619716434394
0.0334512151685555
0.03208782726052981
0.034786984417368695
0.03397210225157221
0.032904814378736234
0.033219093265790735
0.03190959166132881
0.03080679000489294
0.030774408845874783
0.029619279783714408
0.02976327872062094
0.028782094849024897
0.02909391986613759
0.027827633314899382
0.028387352247438023
0.028470154206170585
0.027842588480530332
0.027726608289578708
0.02775888966913303
0.027600425681378972
0.02663447241798343
0.026408481470868567
0.025836382655183954
0.025385710700376443
0.025415937301309737
0.027074762279020954
0.025308365908504857
0.025557450155892673
0.0268781555072433
0.028932449908904104
0.02281143604388891
0.022588739611882572
0.023210608720964976
0.02341402489152377
0.023333198209434955
0.0227916735453259
0.04540204077739985
0.041185369615518684
0.04785274275008696
0.04663425952412521
0.02927675812459918
0.0386767784764522
0.02660401426192484
0.020751707363831744
0.020220683511880343
0.019728597469306813
0.019047629053438025
0.01895131847408628
0.019361258796930257
0.01818635765655617
0.01697112605896362
0.017335484809746157
0.018644883414156606
0.01846816536703892
0.018346148995018487
0.01780672925378055