0.014048854818502494
0.018631079845006056
0.018983230056434156
0.01670317881383487
0.0185037758155628
0.016047051547922582
0.017131829952340992
0.020678379098821774
0.017772723825539797
0.021103501191504847
0.016482658090613538
0.01931353744310258
0.019544040150003866
0.01862853186339446
0.011468553817618514
0.01226454538746854
0.01924784805543642
0.016336070622058056
0.020010678395372742
0.017777467845368863
0.015973583342395285
0.01666160410346308
0.018346199769192034
0.014658741898262027
0.01762860641345594
0.017527294365574802
0.018198378655136776
0.01757119456280249
0.014764672496378129
0.017000034386711306
0.014048854818502493
0.018150663883677066
0.019550548168424838
0.01822466688288646
0.023872577916156573
0.023628199351735
0.02639203374535372
0.02662044498112651
0.03043144624794176
0.032980166328456
0.032357612535049006
0.032870927606453076
0.03720312122183993
0.03873753860900211
0.040245731168138836
0.04356429404643017
0.03955255184900315
0.04216991192228683
0.04205858090920376
0.04067398979202222
0.04363859232758512
0.041845712786811096
0.04553621555309929
0.04286186033774401
0.043534841627351994
0.04215805264791631
0.036440466417592056
0.044760530557916366
0.04401655753629449
0.04142200660935496
0.042408300862416794
0.04176351065477183
0.0426764981804017
0.04205221687377683
0.03742669393445926
0.04009066570374
0.04612577008162296
0.04039807849764341
0.04037252243700872
0.044243179887618375
0.0475319979846877
0.04848641633351728
0.043970809062974764
0.04518416904556688
0.04782732148993867
0.046715532804266297
0.04885028116752612
0.05239733673973768
0.04868533201034106
0.040917067240498685
0.044663344611146814
0.042814132272066825
0.047307404446695046
0.043035296152806636
0.04165027550066253
0.0513838519448983
0.04555322878088607
0.04638829878125076
0.05035858114688654
0.048672027144193414
0.04756684862682589
0.053901480879562605
0.050179437029324654
0.05392873306491949
0.05425921742590052
0.05666509451500549
0.05339644542858717
0.055795533776794116
0.05604018834364099
0.05330669121441509
0.05524256753823956
0.05384518224971073
0.05923290360386398
0.05687762054114993
0.05196393277597144
0.05800000196579112
0.060364389940492945
0.05998050517672542
0.05894497012687227
0.051654841106841105
0.06253134686661495
0.05761550626993946
0.05180592885983856
0.05491641325774465
0.06411382526186848
0.05891268834173834
0.05899378763182149
0.06021978975815175
0.058307193122642195
0.05889480263257544
0.057330822640773535
0.05836942958870467
0.05671012090190084
0.05797936845090404
0.049868233057301786
0.054996385607763036
0.05950145657555448
0.059372195318014354
0.055148970936124184
0.06039568767603892
0.052656059305761824
0.051497948126323315
0.05349968673892795
0.05394023877292143
0.054351682438327144
0.053532297109289605
0.05304842011036975
0.05706964667271787
0.058733350614390674
0.0617825792043369
0.05755890057302628
0.05375267482057906
0.05465294272705872
0.059048645291552064
0.05884069060453334
0.06007346441685428
0.05766730898587895
0.05833174144927764
0.05885714504340809
0.06056294979276667
0.05805922292851661
0.05228300196659629
0.05547060026407331
0.051922811944377756
0.050168139535961
0.050115451406901684
0.053406009189055435
0.054859238158637136
0.056667895998582116
0.0515406969247982
0.05102097171155761
0.050329950155396895
0.053749728044588586
0.04953599131566236
0.05059138759825187
0.05853829155289381
0.049255340941362524
0.04786452410992882
0.04969249995946152
0.05392552373701052
0.050908046857123336
0.05281860502057833
0.043631302820955814
0.047876281777793614
0.0518705791193961
0.05184478418454153
0.04612457936551401
0.05096984789294303
0.05059999611023673
0.045326374317649305
0.042067322192842815