-0.02226960596236719
0.02542890932599803
-0.028376738215194538
-0.020536617619008764
-0.005038013637524951
-0.032517029921167874
-0.018544343141895115
0.002134143441144206
-0.028601394314591556
-0.008482013001225842
0.00759358921271242
-0.04296397704370209
-0.029970668155813812
-0.006916555318947877
-0.00030358979109040753
0.018450744723689974
-0.005713722950282103
0.024440151539458034
-0.04002880996728431
-0.01798596083553254
-0.010693669405600629
-0.020301047938280428
-0.023503444125567492
-0.003455288222507326
0.006217736208352594
-0.02533357274926581
-0.00115302305835505
-0.014560696805716854
-0.018288293887712758
0.05247214254378183
0.04030441197022294
0.019811403386748593
0.01776054408933474
0.025623549066856904
0.02944378963512703
0.008494605505424137
0.04403612752752165
0.07238482962655145
0.04196080665500069
0.01747076918806692
0.007744576453458731
0.02329897221843477
0.059107382575606125
0.022564213938169805
0.013159931650886157
-0.03234814476207785
-0.001923337561914531
0.048198160617444245
-0.03595986770980074
0.02547683020426617
0.0648086725116
0.04954571645879516
-0.017154440787297952
0.030636998709384588
0.002054281105255913
0.052557576581183034
0.03762850599156088
0.013254312512693116
-0.02229664515555673
-0.05970581639192242
-0.05961200296490932
0.009402276864145692
-0.017660768535253734
0.016423170086167876
-0.03837262258206274
-0.0318932663207545
-0.010698855187269037
-0.022875319666295846
-0.002429277601993895
-0.04948394697756267
-0.028505398452841904
-0.031396027263660156
-0.002741721675286582
-0.01206664414818342
-0.012874248773721415
0.03733736898019594
0.06979307206197578
0.0260517640689557
0.0024951868153884594
0.00175844495108485
-0.0005264277061346408
0.012815873196666031
0.011837274793532696
0.0065171084746568604
0.007155902889628543
0.001648224065944387
0.0010836884346347897
0.015821721739820056
0.01975174106535637
-0.03335674365530622
0.00784950077707623
-0.04782161480811577
0.010118612387879694
-0.000688410178891533
-0.01230508441500842
0.023419330082690287
0.007780482608262431
0.05780591572357704
-0.05615955039188105
-0.026078177209873224
0.040742944659565676
-0.040439874424808536
-0.03368363926430152
0.0006246511800014494
0.009175979614796808
-0.011489267143308573
-0.047441827463253095
0.019605689516594287
-0.07595735319802338
-0.07806645168361755
-0.05738800377089329
0.04264617136137983
-0.06030391179457339
-0.04471428292638388
-0.06925942139333685
0.047626907649703565
-0.05126254997880571
-0.07333168932129258
0.04175344306892652
-0.04790643081698795
-0.06845807253767361
-0.04440134140715772
-0.042010537149760156
-0.0037132791389139093
-0.019856798729132156
-0.04028657543813991
-0.08734946197340589
-0.05098045573541862
0.005636840881296046
-0.05609702755085134
-0.04513253395337296
-0.06683296136874323
-0.058190854728232655
0.008397927726644713
-0.006419705197766849
0.07448832202502934
0.030421532473958672
-0.021413134998481378
-0.057368916376152025
-0.02700366720608781
0.008432063991378263
-0.07093259460255301
0.08939823945293492
0.020483714944162228
-0.04718327133899698
0.02795373115161427
0.05350715909560301
-0.08807713908950655
-0.016714420249686588
-0.029663560296980675
-0.011491669177545903
-0.005368124991056129
-0.033507935051134655
0.01587427994674349
0.06774056376045559
-0.049399067940784865
0.019068922255617172
0.057616153649233795
0.02821389038015381
-0.009028444242850053
0.05674478505974258
-0.00936240912390583
-0.0008361829195954158
-0.00539955261656228
0.006092273105482868
0.04300554982300833
0.019904110772473116
-0.02754546750213325
0.008376615642564084
0.030669426112202587
-0.013795960417184599
0.015475818866638923
0.026013412921979104
0.01198937739379615
0.010983364734644563
0.0808186841948549