0.33120926785532406
0.3053486491753737
0.20378831566035363
0.17440561445944064
0.17184506841984776
0.046234041870004815
0.17129196270519903
0.15259648898553613
0.14394040144034334
0.1188890682247397
0.0406944235468375
0.2650958393191327
0.1938327783114022
0.23493864316112173
0.11283755528663243
0.046639428691524695
0.18334705103310586
0.10254591776164099
0.06554244302443542
0.12299934679758034
0.5020886209153413
0.3613117957968576
0.17577688823646664
0.18850979169245233
0.29334846830120465
0.23909888393961218
0.24324010033326987
0.21676854727639155
0.2924808807725223
0.1836352711859647
0.20829577247013628
0.022016738408620666
0.2988977392059704
0.02659703414530744
0.10249507319740189
0.23932401274124607
0.14245282082961372
0.031196462647385775
0.1351111241936194
0.11918889653196098
0.12480374583504746
0.1078855946393095
0.05942907670384506
0.15280597494599862
0.1239204428624686
0.12533936561678605
0.05623185788555238