0.20378831566035363
0.17440561445944064
0.046234041870004815
0.14394040144034334
0.0406944235468375
0.2650958393191327
0.1938327783114022
0.11283755528663243
0.18334705103310586
0.10254591776164099
0.06554244302443542
0.12299934679758034
0.5020886209153413
0.3613117957968576
0.17577688823646664
0.18850979169245233
0.29334846830120465
0.23909888393961218
0.24324010033326987
0.21676854727639155
0.2924808807725223
0.1836352711859647
0.20829577247013628
0.022016738408620666
0.2988977392059704
0.02659703414530744
0.14245282082961372
0.031196462647385775
0.1351111241936194
0.12480374583504746
0.05942907670384506
0.12533936561678605
0.05623185788555238
0.8326896593685862
0.4157698984193147
0.31769926135975834
0.11439253799634795
0.06461450148411785
0.5981271956919025
0.18626592305234296
0.043648714952654155
0.13956106685138525
0.0587571073064571
0.0813602240022018
0.3666050356592528
0.2651005117462219
0.31774463358312055
0.3515023264537496
0.3331354410683097
0.3947984103396263
0.26843235267935944
0.17396827941382695
0.3727670303105529
0.1667300611329033
0.5928697792531284
0.238695560869364
0.5007269939559638
0.35637872512882246