0.09875161443696477
0.06613513880953664
0.07605704942670372
0.0701387768304291
0.0669643427006643
0.05787740783921497
0.056237942470279814
0.05880369056366064
0.06382758522586458
0.05837857750966726
0.06892826523283381
0.03821947708656409
0.04340893030564625
0.05369998571183268
0.061091740813491
0.06068691497274047
0.04594443813705986
0.05884918899125404
0.05006710945439092
0.04008397981045779
0.03401980942799152
0.06880709726753885
0.055601659872380645
0.03795849189672026
0.04407457949171188
0.076471641251304
0.05044080966422975
0.040757597700177964
0.057383885169036926
0.04077664361369664
0.05133519393073236
0.057367582557733214
0.04716372714331866
0.02332699016918
0.02321648777119225
0.023021192888443037
0.02073747024349577
0.02852304190419864
0.05633141469777919
0.028213887173190944
0.02289277657763562
0.0220589232392915
0.010776708682259844
0.012850393895926203
0.025001423363380453
0.023573224873485496
0.021687596388497953
0.03864145171480632
0.02271722570667126
-0.005058818333500186
0.01824889705808956
0.021034755113986035
0.011337783843766316
0.01911980276068544
0.02487381605305398
0.006869903273679601
0.006965763668867024
0.011720671344731716
0.01391416078143936
0.0029446512890683794
-0.0040676573566058825
0.019670040556877925
0.02359676600595278
0.002498954540501268
0.009703882965386974
0.010818010394518351
-0.0012409656714109862
-0.02923043681906866
-0.00596683552312084
-0.007802431150140187
0.024919754804507664
-0.00593081745248177
-0.004248927481211145
0.0013087411205450086
0.015143322612877774
-0.0007432192422413881
0.007156258594234011
0.005155591933604305
-0.005616455871883925
0.00014349242571166777
-0.008025306437920134
0.006045152940455367
0.012063012905315201
-0.01730469174967224
0.007796737638643757
0.007087209038252632
0.010447594689016676
0.001968596542859044
0.013471683709735194
0.008277074587675314
0.001677904134022249
-0.00763531991643212
0.001937551776046714
-0.006977581418754521
0.007402365272266756
-0.012277330382486237
-0.010612082857662412
-0.04743690396337701
-0.02573209567593245
-0.011931688476986715
-0.021540795070540773
-0.012552340698101636
-0.007917433164369075
-0.004939825971782686
-0.01422651213095598
-0.018913939872028898
-0.03210894380703588
-0.051058334064507695
-0.03820553540337184
-0.015944559045038043
-0.04296499396019744
-0.021364621755949012
-0.025425383286534303
-0.03141262946731726
-0.035267274976870246
-0.057699722136419954
-0.03761261077245127
-0.04465760881003679
-0.055968065185414834
-0.04757094174403947
-0.04997179054806342
-0.04756369532422321
-0.047277795328695284
-0.058259743030206756
-0.0409875652356546
-0.03843171889341869
-0.05870339410667423
-0.04179634343366011
-0.03615870531946242
-0.03662726388426939
-0.03888184163954736
-0.033659588344797015
-0.05103944583043772
-0.062315427813109205
-0.051969743406608454
-0.04855056395435178
-0.0711732945514898
-0.07555606947894733
-0.07006575270397157
-0.06630494137948513
-0.05951915762348301
-0.09197821488617805
-0.05729952012823601
-0.07556750123194383
-0.0630228279470083
-0.07837512855477226
-0.07391635367550121
-0.042493352950641744
-0.0551303474791755
-0.05597717331481055
-0.0814350898789609