0.025102006506981002
0.026423618411586733
-0.0022033305978418484
0.011835787078389408
0.0061554000013703545
0.012959405325580103
0.028651472622124644
0.007716275589321104
0.009056991804358781
0.011994731243422907
0.00027473785062186363
-0.028610548612236043
-0.022456281232060952
-0.019672080940968086
0.005861722838697928
-0.0013261812591022946
-0.014138020171670661
-0.027291781501904745
-0.05200173946638433
-0.02227648729377802
-0.025592931737814198
-0.0366451593970027
-0.025074780295561604
-0.0322684424203664
-0.019935262434150447
-0.02506798369927262
-0.023137308960486803
-0.008682851637911283
-0.03233184613892421
-0.042192978304198034
-0.02510200650698101
-0.037143829544938924
-0.03517462888741301
-0.020383075548759486
-0.01086578750350345
0.006848929810310222
0.05196355412989455
0.0777432182173883
0.10117280749576563
0.124497770531841
0.14378897330918536
0.16984777019453864
0.19330502172226316
0.21012747270312912
0.2716145687342991
0.3134516201065613
0.34830452296049264
0.35050609903185737
0.4147577880621299
0.4213242998080661
0.4637699532263776
0.5120399764629454
0.5253534212141464
0.5230237774969582
0.5509280086689459
0.5723286062689446
0.6108293446421034
0.6173067711780806
0.6101089659739031
0.6291250023615858
0.651490085077487
0.6504397678298772
0.6403906142622583
0.6698176342120076
0.6691952200183846
0.6513649417378332
0.652420362423981
0.6989633259761283
0.6817270131160089
0.6719993019572942
0.664606398706118
0.6782285610859117
0.6874149431634393
0.6951145218752733
0.655506280047761
0.6706655937321415
0.6790192036257258
0.6952461278743645
0.6945175073511307
0.6883357225374293
0.6767374615264529
0.6741181159909341
0.7143791855524567
0.6870073740720742
0.699209418104127
0.6963178207116493
0.6819510223378209
0.7032211755355108
0.6819043184514062
0.6681655857932655
0.6677469402928021
0.6731027835112303
0.6690185299117969
0.648297553221114
0.6406848786859215
0.6212487280519463
0.5773542188973296
0.573996267499869
0.5647502632354584
0.531320790238504
0.5325282285429896
0.5368643582372592
0.501989248425777
0.46168142110875254
0.45130493575378305
0.4633163365894868
0.4659450149980358
0.43888023206220006
0.43221091862346805
0.4183589633620221
0.4292680526275325
0.4000497164860223
0.40633373839490583
0.3961611622342655
0.37972456724563075
0.34969355610068975
0.3459280251924865
0.364076781199609
0.3539970241697796
0.3484478294034365
0.3375010759511964
0.31910883144164975
0.3153260477850884
0.3231361426056413
0.30194194947186187
0.3004501658631995
0.2789584097805248
0.2866485618360535
0.273897766502853
0.27921101347692834
0.26259206995986323
0.2357468633895681
0.24425578513532312
0.2403127855469907
0.23135866535968735
0.2081178123273391
0.16905571209604728
0.17883901345330885
0.19070643393847522
0.2120684665348933
0.20164323359320793
0.20446931812518834
0.17559837644817464
0.17248281750934016
0.19487232635619253
0.20351766296843135
0.18070680105039114
0.18210365484208016
0.15490009511021358
0.15464146729992803
0.1480535142113184
0.16506746351097232
0.1664686681758919
0.16258868193272455
0.16526970287217121
0.14524910432619145
0.14254665938240407
0.14562682234975208
0.14492868676853277
0.12730681681770664
0.13198331874206318
0.11966337056179364
0.1312845109015917
0.14129269784825157
0.15002939187792158
0.12632250099853787
0.10200658810410927
0.13979319351279443
0.14524056681963568
0.13591124195336035
0.11460944462085393
0.12546326419328493
0.12055956195964623
0.12405081267643941
0.11108325620329933
0.12810052190489749
0.12412227402852904
0.13769452962743586
0.1147392453465423
0.12093658287741217
0.11514135283526591