0.029175332998680616
0.03916266527013699
-0.009359310389689304
0.015425355318020991
0.03724313538845648
0.04798994249603462
0.015926785435145682
0.04353324683578504
0.061288470950907316
0.047595395041932484
0.02856929376381268
-0.006841363211587077
0.013676287605823808
-0.04615085696087369
0.03389209481244965
0.0029465014791264788
-0.05674747756395738
-0.052672758802586275
-0.04737339740619423
-0.0023690929970092665
0.004879552170788178
-0.03526144939619755
-0.02792430713083347
-0.03796025680848819
-0.05415422944572764
-0.016614700449861974
-0.03184806862233197
-0.03198439489406358
-0.0670562652536527
-0.04159125889028896
-0.029175332998680605
-0.07172892672065409
-0.06948822922280817
-0.03724683339515872
-0.05329247428549722
-0.009102648965259792
0.03300603557470761
0.047712206491880516
0.060287801657869726
0.10554833035727004
0.11284396470162758
0.17364147195681628
0.1531177229071035
0.20362096373185856
0.2575914630754543
0.30879934500126877
0.33042099467931985
0.3146670050545287
0.3667714414466414
0.3743741812652362
0.3954805457662133
0.4551649294326139
0.39503846998639747
0.4506392309647246
0.42363808125724406
0.45140524797699616
0.49447818409799066
0.4793154921977556
0.4564090397917448
0.4893012528332045
0.553001494312602
0.5473909583953663
0.5327554383654005
0.5598151218736457
0.5783345334697324
0.5459365020600565
0.5238626444493147
0.6057670007488017
0.5243710268721276
0.5839391266950815
0.5231936923391067
0.5260432594323686
0.5167972952708825
0.550903758679965
0.48652790712105537
0.5322946422094972
0.5833297046985925
0.6001778383763192
0.5533908586675487
0.5323380344509061
0.5770455215866224
0.5653500706695859
0.6080990989924799
0.592197720885596
0.5341524818700747
0.5256204015462427
0.5245091133864722
0.5714498338913722
0.5244092231873104
0.5070246951071641
0.5325442614285639
0.4843142384683839
0.5102983208908904
0.4963668885023264
0.5106940632801042
0.48382487420690445
0.4887095482707516
0.492393313526604
0.44409185634401166
0.3907260094021987
0.42273880598591207
0.3755662147988947
0.35407955557128296
0.337499957111253
0.3077518694819907
0.36290200263913414
0.3959196557665705
0.3425535328159864
0.3403342427908446
0.3364313491819389
0.34986354493929606
0.32326216298809846
0.2766466731790455
0.2936528421004035
0.29440424023379913
0.2715707281312952
0.2967375216187419
0.27061086762712244
0.2597043743397079
0.23821118865560595
0.21916563428907979
0.2148149437333391
0.21413737523357432
0.24766318580441196
0.15792434593108984
0.18669595576481562
0.18943062558310153
0.18841685891246554
0.2069719668654165
0.18668973742703324
0.15877088945805548
0.10872086638341116
0.17215024601093726
0.12778354975164863
0.14292842648458542
0.09518501472619319
0.076839880869466
0.09138209475704694
0.11818181731186883
0.09683295142499788
0.11470054891414228
0.061407563423119975
0.04639848764725994
0.07820476087652119
0.0418479929199026
0.046481044873490106
0.01163024310533502
0.015535502349238131
-0.010834972659192501
-0.011474600534822554
-0.027737516728495063
-0.046779535637610614
-0.034468076309816006
-0.02594229621028838
0.010556563727904516
-0.024261115693439975
-0.05628848911171751
-0.019176728494841633
0.0017797084159589071
-0.03867798565369715
-0.04753652777635274
-0.04830355586419426
0.002022628643422352
-0.014782950708425797
-0.05433948870889182
-0.037328879856076636
-0.054012302507448026
-0.06983851173976154
-0.08883142577058648
-0.030406947847588354
-0.030876694511027515
-0.05336876777137668
-0.0697879254961692
-0.05365579633636747
-0.061977540104863
0.02775373262197836
0.005719338911643378
-0.027069912603921824
-0.020471806780253263
-0.036616349267272696
-0.05533692934649828