0.016219523978262616
0.023500447944140312
-0.03343001737620663
-0.015899929380348357
-0.011552873228362914
-0.03810947965442252
-0.07277452858212667
-0.030529584456966477
-0.018649932556644044
-0.10880100915492873
-0.08303917485073332
-0.05981894718562028
-0.059409189061630535
-0.03630110210120862
-0.0868170650936367
-0.05805379275566052
0.007487686294198644
-0.006011033322529285
-0.021280033878530884
-0.06254395235809831
-0.05587492983372573
-0.03781233501703813
-0.040437897512185364
-0.05642264423352484
0.023175541680553934
-0.0018478209690135992
-0.08426963667765047
-0.02007013307799228
-0.005896369584116021
-0.02820892866893723
-0.016219523978262592
0.003824746612896729
-0.024495587980587596
0.026311373523660194
0.07373360163130106
0.07739221329611103
0.058327215823712364
0.10549643816246125
0.17164070673321127
0.21479185069409895
0.268364262521695
0.2843613227798563
0.3301060086054987
0.35560572540187957
0.4069400195589072
0.3753149407967676
0.4107957772913682
0.40738441870178654
0.34497603564669777
0.39807172311606087
0.4967497458741313
0.4968728957310045
0.4920987914621895
0.46175245840557083
0.4489145880271051
0.4508098932268609
0.5026240491058839
0.473700464408649
0.4306839706710431
0.4832792689449174
0.5207503061560154
0.5430610664241077
0.49396316265618884
0.4997164217925547
0.4953630708588484
0.4852973120209018
0.49887501435022424
0.47683947254257164
0.471565334359727
0.4607599227625197
0.41614724615038745
0.4414459661493458
0.48231663030680205
0.4881074717455378
0.46792918665022737
0.4654721353378525
0.5096212352372347
0.47028553585449584
0.41831474832585597
0.43999003996823005
0.4625377873583366
0.451631440565534
0.42585566883375797
0.4344057196410507
0.504553094865465
0.4524666539955794
0.47142780669808454
0.4188121000655545
0.44668597349052813
0.4799014311480427
0.4400778896540088
0.4954473388326781
0.4674757122691655
0.44487039501105524
0.46482930438424536
0.36121619592757115
0.32616895363224496
0.3530490920940095
0.3829975022925441
0.34189949071587744
0.33523824577287437
0.32821879337819193
0.3040480184267756
0.2557391708689573
0.24138898283114685
0.20711218300096446
0.29416898574332645
0.19709859203922236
0.17483001813977153
0.20943159560677405
0.2134967241716429
0.219713875796877
0.21154825970803934
0.18344722909987893
0.18447325699929032
0.18490085428508365
0.2212366350730126
0.15635637900411667
0.17979879489673595
0.19762632267841743
0.11296341632035269
0.16614432988428032
0.12067500958144137
0.15620552792799083
0.11130300188197556
0.1070645238544563
0.06556780775185372
0.1248200356726962
0.09636472551667677
0.08732919691078332
0.05965437905447242
0.08281504662529295
0.05192163712472874
0.024714598494114927
0.07703583767145301
0.06110146108858084
0.030738504787480435
-0.02879795746753897
-0.025477093319810448
-0.016223701124598113
-0.01116997167746962
0.03883150080991915
-0.015074528635770036
0.001886192959504626
-0.006388584101171052
0.0012116380189626695
0.01786591587451564
0.03839548443898373
0.0010036641158252106
-0.015537378512318768
0.02457392239280849
-0.040077038847711216
-0.01664225832796833
0.01531771524776883
-0.00406408150584156
-0.05488376468640885
-0.0018612699059703077
0.007456307415070937
-0.031568036322531086
-0.0020785294337159438
-0.04140684236486415
-0.045933904097409425
-0.04250376854199686
-0.06591085394708324
-0.01806715846814546
-0.05734782663117049
-0.03322515305628814
-0.06845032124365
-0.061927175745622585
-0.07951024090221877
-0.06471618718023724
-0.08634323997211818
-0.11679779570486365
-0.09271307329740805
-0.11485194512816141
-0.06981809143313128
-0.0736892873034464
-0.07972605483873664
-0.08937718481476274
-0.05192260616323354
-0.10209546646803362