0.02780437614070461
0.04323493994149398
0.051850438612442956
0.082434892214546
0.05827232602284832
0.068338718505481
-0.0028105591532958203
-0.0017867741476033394
0.03216639817537321
-0.04435904257381153
-0.02287685339288653
0.008387410174364823
-0.05656258587287374
-0.0628133520389932
-0.04998438807185559
-0.009239110595929509
-0.044293739952997666
-0.01840311866678515
-0.020997121085931054
-0.01941393769696843
-0.03586171103991645
-0.006510129205600046
-0.01710638848886123
-0.042759562432041445
-0.02897682389826635
-0.04463351205664745
-0.04828672161534633
-0.03340162317394606
-0.030028622578603333
-0.022416489870379485
-0.027804376140704624
-0.026708926475308304
-0.007174156182644882
0.026848316176262564
-0.024894626752448055
0.05073945714818611
0.08287925666148124
0.11154069299397636
0.1870347977500603
0.20299873423974188
0.24820983419669052
0.26963600002895105
0.2806967364670065
0.2843256415820681
0.3142747963463509
0.34784286786938307
0.31412548403572504
0.2910421244775366
0.33462578305135426
0.3516351911951266
0.35861455447534873
0.3984328667205725
0.4070804106680047
0.4089826154318432
0.38186811648049057
0.42588511735729023
0.40287402639975023
0.42478034562029743
0.404061374591866
0.4484908545144197
0.45652163449619615
0.4388474671967371
0.4405346322144357
0.4693581360929892
0.45857497780606854
0.4874140359945577
0.41985528500081803
0.3894762113100929
0.4464060793737406
0.4193974803316217
0.36562226542103876
0.4092725886591295
0.44351053874021945
0.4653643277115515
0.4970694324442119
0.4678205905926976
0.4829684627423197
0.44170779866763893
0.4494310161086254
0.47475107727288296
0.46718618050429706
0.4211322917146411
0.42979041089920367
0.42888288286438386
0.47098176735370495
0.42810527115234354
0.4184317873672319
0.4648061143692458
0.4312594207720369
0.4245110027500411
0.4314866176900198
0.46109549446533826
0.43246344527356884
0.44181157193595516
0.42304774850738786
0.3645567187087348
0.41148739364428355
0.3802672979892807
0.368592372405882
0.34095919124010393
0.3410858258288522
0.29905683826900203
0.347929766402618
0.3129210728149997
0.3061103898368042
0.298581232354681
0.28377722110192494
0.2685992660665704
0.28274562646887275
0.3085246320117824
0.27051503726520226
0.25616782210572153
0.2224831906443872
0.17148196681788885
0.20872574351556156
0.19625394212899727
0.1859812550956803
0.20464260219992594
0.1982498752833201
0.16131232790036806
0.1278508691084205
0.15111274029768904
0.08518084333421476
0.11472966708310804
0.15771217554753578
0.1315995942016161
0.1065362224123835
0.10411636393555966
0.09618262611052883
0.09115144944483101
0.0422327427520353
0.057180211230189036
0.10581191952427928
0.06479287969655996
0.06308339216385205
0.07728276732285595
0.08427626440276659
0.09680657955032482
0.03299693109173465
0.04512874819512726
0.037529567128527154
0.08942057272611979
0.07432370924216851
0.03871264015034801
0.027337394075117587
0.018000288827198507
0.04251423973972579
0.04675343090668363
0.012691210369570787
0.006735258141837461
0.016258622035861515
-0.02786299719896619
-0.005803539770722103
-0.05850534206681128
-0.009120417190853181
-0.003990216128989934
0.017915820689332607
-0.0006023883359232846
-0.021763146096905342
-0.021013933775096413
-0.030077572380575086
-0.011833094814791261
-0.030759856701184324
-0.054348987415484634
-0.05720101654337859
-0.05248636066652008
-0.029429468283722147
-0.06200837865896162
-0.10930146441528983
-0.05946217604334145
-0.0281719083729692
-0.05303026752913139
-0.050032041448427766
-0.038698455268719456
-0.046120713548403705
-0.044433502041309386
-0.015696048944532626
-0.023364637936599934
-0.016592132337425947
-0.025842930457733303
-0.07889795075535652