0.010078662833697417
0.005899727751777012
0.008716105697620965
0.014485479880119962
0.011082959484678074
0.0036650798125554746
0.0018965836202390358
0.00448713099569768
0.0048812530903105545
0.009483453205660507
0.0018183938312180258
-0.0011568777839629165
0.0020016612518579126
0.001079188450613076
0.011472465393036669
0.012849980035543367
0.007210972816914904
-0.0028654654405657343
-0.0044956414819580385
-0.0016397502031560783
-0.007852537069901081
-0.009645342451620909
-0.0009176267171542619
-0.009218600790161846
-0.00635109135759925
-0.0050453605507089746
-0.0018402045298018261
-0.0024987163021760565
-0.01201523413944143
-0.018054246264634182
-0.010078662833697422
-0.003338727897034901
0.0014569001466132967
0.010688545906980351
0.0431077171317979
0.0681697003231447
0.09137622216402379
0.11710730762589745
0.14984132797286218
0.17596184390324873
0.20645840822334544
0.2389971979274661
0.2687298967725076
0.2938219702065338
0.3280858218926345
0.35356426901883625
0.39034554278710526
0.41341132685240145
0.43881823613163806
0.4629793940716934
0.485908424191228
0.5116293153005218
0.5186310694734686
0.5408569092924951
0.5547180528748561
0.5789715943767374
0.5905363368316564
0.5848882924281188
0.6092498534554303
0.6166511417665189
0.6338141045794456
0.6452945569627374
0.6320234367743286
0.6444008494493872
0.650145039812156
0.6466472731275394
0.6494778340559918
0.6776988215104264
0.6696675870842349
0.6782505361274795
0.6610662877223877
0.6715087066926442
0.6743516396586525
0.6786486527189229
0.6588567982686796
0.670777957820261
0.6758166873252528
0.6919167917443333
0.6970444340339985
0.6934873271932557
0.6913757752967583
0.6981192559168381
0.7022592114203362
0.6852974031404497
0.6807240061085941
0.6817366859241487
0.6822725112003386
0.6755472726482372
0.6716175972206189
0.664137979674847
0.6614826962588083
0.6670440331350908
0.6606347849399793
0.6543373585611519
0.6502208323281401
0.6299827946402007
0.6147408286832499
0.6170506817122069
0.5978712241904421
0.5908386124397244
0.5653269871832839
0.5520865381259338
0.5490223790369154
0.5232921326502279
0.5125208551749922
0.4976709732107226
0.4906804757076344
0.48642048288456646
0.4659690009382961
0.45604225593560127
0.45716342119197373
0.4338106572482071
0.4294530251819309
0.4174860498800918
0.40856828472703915
0.3944851946316725
0.38381614291060495
0.37309348743152915
0.3709063734218098
0.3660735589263475
0.35826818839283575
0.34130414566266104
0.3347585974220677
0.3180367937785306
0.3075781456342619
0.30698933281621876
0.3005311339890911
0.2960615681831737
0.2781164079394056
0.2683688385410351
0.2620934197829704
0.24471918839071102
0.2450465679286351
0.23768506398134998
0.24347675193908094
0.23696438133069134
0.2162339397459558
0.21090252591687633
0.20707931397430204
0.20443845855740178
0.20046169517206658
0.19185122158369433
0.18061024016095978
0.1768307613660908
0.17932221928007444
0.16899897745708842
0.16517996789674214
0.1729402089180303
0.15374613216765248
0.14124661693996246
0.1327333620247244
0.13616702449030424
0.13345168611163197
0.12944454997225316
0.13195867232540057
0.1250613268606354
0.11384381147482514
0.11545570353157303
0.12050827731417418
0.1057859233797442
0.11325004627725968
0.10076241540732372
0.10553661511894123
0.10023343872937762
0.09420158618632778
0.08580564786244856
0.0806583423523042
0.09324754612001697
0.08735462319942564
0.09047778540184594
0.08828758215225752
0.0864259378037379
0.07984048353745998
0.07909835708527779
0.07200079033859122
0.08140447551407487
0.07047387890915989
0.07452544557796353
0.07213881402095501
0.06220719754997071
0.04865465238951674