0.012443436224634355
0.011643778074396994
0.011141519446326674
0.018014360910889995
0.017838628783760295
0.008257717988312194
0.003193555896028769
0.003386588032841071
0.0042806863088336745
0.0032745037297427816
0.008256364268818067
0.004742783649171703
0.0009088836303551485
0.00009267776456707658
0.01053628828115243
0.010725924971964756
-0.0019216501468202667
-0.00889713529624923
-0.005890159778997521
-0.006697968645746812
-0.011360314874888238
-0.015008270331818193
-0.006451349088666652
-0.01526187155860585
-0.012644500761138336
-0.013012855944367489
-0.006775053516390335
-0.01263791711764266
-0.014095019503617374
-0.014537018440496199
-0.012443436224634358
-0.01060987017617782
-0.006527422370330645
0.0018707795439658274
0.029928005959305313
0.05286449510820936
0.07536254240304611
0.09375370827175097
0.1246103131328678
0.15844975006854348
0.1831836615808108
0.21617241515075578
0.2511933778404724
0.2793586330728242
0.31110454602459375
0.33814211090892893
0.37240318725332155
0.40478842863853143
0.43173744660244157
0.45301949073715675
0.4846229007773523
0.5064819813080388
0.5209395601691434
0.5473582835297707
0.5646023402512047
0.5860005815801762
0.603163638894467
0.5994616523193851
0.6246506387562526
0.6320032301104419
0.6525453604052861
0.6644927907571225
0.659542845365561
0.6704877472095081
0.6786420862577844
0.6514979989289044
0.6792446570301368
0.6985525129259333
0.6961704371752417
0.7036601135004267
0.6949363850798685
0.7065069993036251
0.7060185740685989
0.7109499245196614
0.6993628644287961
0.7109679588327901
0.7195069081611467
0.724495850749501
0.7249289045355287
0.7267265523877023
0.7337316474405386
0.7316388073578279
0.7328928761945065
0.7245581482021906
0.7203478618950473
0.7218359104625505
0.7170331400539385
0.7188555515137518
0.7153578146285127
0.7119634625703666
0.7116840931019719
0.7169928570221352
0.7078521529174124
0.6992535883390907
0.6886664139869417
0.6390006651956716
0.6589903260382701
0.6572638159964074
0.6341635858440143
0.6248806939914371
0.6035316173158829
0.591439490548564
0.5823261599617149
0.5594207337132142
0.5488225887127961
0.5269039682181992
0.5162616786780453
0.514180736974346
0.49867828993573976
0.4822513224913461
0.4805940036441378
0.4618969152869012
0.4561086000284098
0.4335768136942918
0.4300202869618769
0.4156997863634239
0.40576942332584975
0.3932836065856984
0.38305599054241
0.38604532588821533
0.3782881099302066
0.3587601758452902
0.3510092388784435
0.340804112898502
0.3240224305081624
0.32376114054718286
0.31062051649557915
0.30485443707192383
0.2920675874995259
0.2832774157323614
0.2768597170398064
0.2446083363119391
0.24257786391393082
0.25239678002313065
0.25328248430145783
0.2484113507367073
0.21303081829053414
0.20497067804729147
0.2217621203633863
0.21467997552204068
0.20502502685595753
0.19676097376145338
0.16028771812817805
0.15108049834390108
0.1813710078024221
0.16809454505282137
0.16484342679377587
0.1646046360586968
0.14711281050416877
0.1365017202860883
0.13769762946451153
0.09740001599151174
0.127382065272224
0.12526283791106055
0.1266775000284482
0.12227905786043111
0.1117190444055445
0.11233728921576928
0.11198141130662824
0.10624256147870702
0.10865647206469106
0.07861675741408237
0.05276372443221148
0.0963048684277824
0.08751406513800346
0.08303344674730398
0.07919287653108735
0.08456871160950098
0.0778067254096184
0.07948206758383078
0.07808858325665254
0.07556908601847663
0.07142115403122096
0.07107668208592459
0.06642965299449884
0.07215579171880775
0.06789238367592264
0.003248506883559537
0.05651311500281816
0.041566913939057475
0.047929966887139866