-0.009150710214997188
-0.038334589970039974
-0.023300404572963927
-0.0018277415339407576
-0.010561094310107383
0.0176348637831075
0.023528830264773985
-0.012459984429877455
-0.024828664696018035
0.0005597029309178666
0.024742078389015917
-0.0006874010036246991
-0.0069092317598398595
-0.003707559885983166
0.019620110497766914
0.030920970187711016
-0.003354352048730293
0.000899215922677042
-0.020179024825092675
-0.02473129620030876
-0.018911826044906155
-0.01890857569609032
-0.009203018956979078
-0.0006077201028499112
-0.026216440294654097
0.004207406481541211
0.009215274888417344
0.04021116811559048
0.03593897723670938
0.009001292200757509
0.009150710214997191
0.035264609390260215
0.03820055242234077
0.05482921241439402
0.08026014276493111
0.07606595338448986
0.11303394775348395
0.14160604872061594
0.15321242104084512
0.17752374011133115
0.2371398840952511
0.2350282769601102
0.2655625972282179
0.2516624411228442
0.2753364488804355
0.31728155621783
0.30178565474949304
0.3197859787250879
0.35219574554075345
0.3677351772710978
0.3843899392534254
0.38050283551312414
0.4243376307498868
0.4193768207057532
0.42049416380859184
0.43667827613891297
0.4897712865641556
0.48179083481938206
0.4670946454955183
0.4769958510010824
0.4582496089000947
0.46127141475219674
0.49502970560412946
0.5102039891789977
0.5119246790901466
0.4978062854988256
0.5113976720813751
0.5674645459002269
0.5469903132204688
0.5179107908395879
0.5286854432725124
0.5737278117387444
0.5292376507968127
0.5262612339863804
0.511524759961807
0.5486152744199362
0.5351412059607447
0.5443157616571127
0.5640396372064945
0.5602465619517938
0.5545135804860034
0.5094799970976129
0.5303945981798149
0.5452153239650965
0.5639795813391678
0.5423642294747002
0.5535867652996778
0.5220255003325364
0.5453281606788296
0.5201506380726145
0.5101161449665468
0.5341318935658692
0.5260986059583826
0.5290592483464613
0.5329878031297042
0.5267955991021878
0.51715454381377
0.5275631807028078
0.5069499724809637
0.4687846063631668
0.40498086745490414
0.45246099787606603
0.4405524334437591
0.3902582894803986
0.39228996666254196
0.41042798949366677
0.37154397773839604
0.36050431343903816
0.3597296647416521
0.3792541564744424
0.36253615714472237
0.3681647563870234
0.3664771748096559
0.3315478817972737
0.32635000507666023
0.3391722449979393
0.3364078436082599
0.3341901423456451
0.34774857259542535
0.326609446442846
0.3433187802888014
0.3000511609493366
0.28298124604991387
0.26339494593105
0.3007864254408486
0.277410200703061
0.2533786327652667
0.2582856997858188
0.231389059812323
0.2595158447848114
0.2549212267364967
0.24734943015662406
0.268625719876249
0.26049989020264086
0.23925752099994
0.24082425261082463
0.2242758143628021
0.22821352199931572
0.18946612014127737
0.20185035031706708
0.227997992711071
0.21018772451181547
0.19253698659078602
0.18106791435121625
0.19585723328879223
0.18514581176420603
0.19463882747713976
0.20642309371832646
0.19087024483316872
0.20574933165981943
0.18845803024110436
0.20004986487910115
0.23536114379065204
0.21665039514218926
0.1779254465735404
0.17354360293473262
0.18653849072751202
0.16639838345243946
0.1967861422724663
0.1760939277925237
0.19915997924363107
0.18847019006637988
0.1891970934043886
0.17801759659455874
0.15586082815412908
0.1721181444774839
0.1835933227848554
0.19754212861456025
0.18271832182120454
0.18009000105502854
0.14843774240435187
0.14766640577651916
0.17741101720685934
0.171949915551901
0.1593241255796145
0.1449356567274122
0.14422478880888995
0.1696169152230944
0.12903446851619396
0.12341041375416317
0.12848145280508774