0.07692775187726336
0.2877924828488183
0.2522805175409823
0.07955654623844649
0.14964774475358653
0.1206810992538263
0.18361687910079472
0.05533647616426955
0.24625388146661567
0.095185008456224
0.12745012727633281
0.660071889396307
0.2667651585076898
0.4678549711321721
0.5941791989630267
0.14879059053357804
0.14228892055015455
0.1291702445432976
0.39395533068580046
0.3096736128883657
0.1438922648747654
0.5689905589039174
0.04407621413244564
0.2884941960172611
0.5640139827713373
0.0805789282279166
0.4774126166247051
0.35112911430068927
0.30044558330612187
0.4716477604493873
0.7813054585190528
0.13955430140217953
0.2906720882426451
0.2970609511406825
0.01590750748319215
0.299005454623585
0.2438649810859484
0.0782815158343378
0.12378911856335445
0.11648992736468063
0.14220618431634524
0.04509270442201604
0.05295996158764393
0.08395710846653963
0.06045697641067829
0.16478095302060883
0.11417814929833431