0.0736505540664869
0.0867507032274591
0.21228882146157685
0.2935003138797305
0.13650006141434107
0.13509652526791993
0.1489522259628368
0.17576525217501443
0.16603455714755277
0.0962977589780435
0.09792834248811871
0.056627908127935576
0.039469840463286415
0.12488622918302467
0.10614430145497737
0.2141327958669829
0.13261744772507703
0.11264943133160012
0.1317802891502256
0.07421512388807679
0.17401242357528046
0.2645002825538754
0.14265433413190529
0.0842214743167477
0.11221375903377387
0.13059124369119654
0.39422971677432667
0.03657028365881646
0.10373408681735499
0.06464608692719805
0.3213140660788145
0.3687496921545337
0.3574472441370456
0.2650316309600838
0.3440451636159965
0.3074140343792113
0.26540926203117055
0.1908376156918214
0.08163648796698067
0.060243782401478575
0.1071856016402344
0.17251812018762275
0.2952575918705731
0.033591521015838684
0.1603247471455858
0.051061145158626954
0.1814101628235644
0.06506495833885084
0.07439229181716014
0.04838707321663164
0.24179457650200306
0.18475490729613273
0.18689415549038216
0.26590786940566874
0.26829669311752563
0.21030522915969857
0.1769811675524862
0.2891350286175131
0.1707924239675757
0.14081362989595936
0.18046905801569704
0.08732199052498589
0.20960163404081647
0.14531348757443743
0.06396404583285634
0.15653528858088223
0.06760448802209917
0.07653763486691183
0.09334299063723667
0.03764078596037488
0.14866104200867067
0.06810416271537183
0.0805837839279381
0.2074732872335656
0.09875522112831024
0.0767880592722502
0.126414587839199
0.05050897793502409
0.07920190721940042
0.08129440776092063
0.13193838799411772
0.12898370025617556
0.15358893673658333
0.3005931796489393
0.1183472914013834
0.09153451876026837
0.08130349361420766
0.12900432056637925
0.2842764702978942
0.18258813592801454
0.262220022052342
0.2903694650585091
0.10853297010870303
0.30676406175684107
0.25367127263498557
0.35251984630778505
0.31963116994537527
0.20895590982911247
0.1453048552506836
0.16511545905088723
0.2545965030672053
0.20073400209756864
0.29037003985618987
0.10051699502218647
0.14240067570156617
0.1717860606067143
0.3103151370921206
0.2672663433704546
0.24202517551082023
0.17961535873216758
0.44413640197130433
0.25260155862898925
0.13771399116600316
0.32596567846079894
-0.02760626158970452
0.3646588938691477
0.26720340431284184
0.2604124391940783
0.16051696505200108
0.16203487842955183
0.2576762043557713
0.1759133997820789
0.21286972971497636
0.09580663292615639
0.2119181775319858
0.059180591814654744
0.11777642065428945
0.35588148349182375
0.16734005319394576
0.21153090382281656
0.315632233160058
0.14080781100884557
0.2115495580837653
0.22185262024075156
0.3548772605037726
0.21020995484835014
0.13960912618059096
0.22515823938228352
0.33455924109832735
0.28569158988885285
0.23972285606387944
0.31427294752485163
0.19837628480712513
0.28705686858919627
0.27045499840710036
0.24562247900389578
0.32494309019103446
0.08189549084018916
0.24334179694559085
0.2893302849349664
0.1662780318659006
0.09815141481528342
0.24648012690461205
0.32490680966925134
0.2527755717011284
0.21835834372915106
0.34820754823704725
0.29501661156564085
0.08636495072741102
0.35591569805550266
0.2876066641094028
0.3538254454366752