0.0493107337494362
0.05519178770582035
0.0971225420248628
0.1455470357467659
0.15409128394648194
0.020087462930324623
0.12145872525458097
0.16673666817405375
0.05184414380837047
0.027715492394874735
0.0785201525432908
0.0584683019717993
0.047022973924259304
0.13529585903386954
0.17695088192386207
0.19979294386355412
0.11606214905821406
0.14160241369710455
0.08490344139040096
0.030982432303114843
0.13043032667439372
0.09217634805407841
0.1025590169898414
0.048890066396029205
0.07179980981347894
0.08604921281560889
0.1609659588531167
0.07880171086503036
0.08414329489595965
0.06928796307006113
0.06656298645159203
0.07590838397888285
0.1433475259778845
0.12543207572021436
0.05391736437038559
0.09350311038793495
0.17519843487816517
0.07259295789298453
0.05663745519996193
0.03232908392405946
0.16965023223769535
0.049734993595533544
0.20778250135464044
0.022900757096224772
0.10817960308815408
0.06912993891470366
0.12908671668102656
0.07513493229529808
0.029239750446024376
0.052341119928603685
0.11629199768781918
0.10644686924583238
0.11792099735253544
0.07830460490652096
0.0837213748835786
0.09451278345277297
0.06921382154047344
0.0841205140715614
0.059013657248707184
0.04695909543804117
0.06916263118795678
0.046506542063157075
0.08969704568450113
0.04697949556520571
0.052025160609096885
0.062269529002027466
0.03733520045768482
0.03211051403876881
0.04013256476462655
0.04063515322086296
0.01725800241623122
0.08762136458858369
0.04526652339955365
0.05742773190438353
0.12416117876177242
0.03577442751745122
0.08085295140464867
0.05720025827498112
0.039046433797528764
0.036525644692180614
0.046001440057949365
0.07999935761843707
0.04001218840176697
0.08164686184916535
0.05982677576720096
0.13023374050710987
0.20777502718512725
0.14667010125625776
0.12987555014745605
0.04593228417394173
0.11702925128466414
0.08091583873937354
0.029907640854967856
0.08039131609943673
0.16736982373530307
0.09460232597071525
0.14610782561217672
0.09376652100797564
0.15130925573449003
0.12979326161517646
0.16435156347505706
0.0835706274151134
0.09238434675341636
0.06401282315509561
0.13513077194637935
0.1573803367694023
0.061203031536537826
0.11756734194708314
0.05784553362378531
0.2008674432463201
0.07801320559458369
0.0984695374172063
0.05242986008153526
0.16515553481408762
0.08196122777281073
0.08127447731838922
0.052386671060277834
0.09372111935690734
0.13265764430196408
0.08607507463732159
0.12316688392048059
0.08578395692771051
0.07495593893040862
0.11730305684762272
0.077639589632926
0.09441744286900171
0.057961080737466676
0.08536196270473839
0.09714264724115859
0.044364388554664985
0.12586071844721222
0.06814453382680177
0.11186959322843944
0.27047172698685484
0.05507482765225449
0.11052581909226565
0.12054107514322183
0.3303665586054649
0.10709804896584482
0.14211600844125738
0.2134674369828382
0.16697457560778234
0.12249229593165327
0.1888075394330342
0.15323627236647538
0.11321542964327647
0.1447067958776799
0.15909727259893214
0.14670014511460214
0.1586200529261086
0.0571670595188558
0.0795534977986636
0.09761942222105795
0.09826089519924223
0.09345080107565479
0.15169803985360472
0.1712066688380558
0.19059982515910412
0.1596863327836265
0.31893074762211127
0.15361271260285064
0.11508016473831635
0.2420871636085473
0.18532076850092805
0.13863439886380913