-0.03755132404270848
-0.06375261773912402
-0.04376976049376336
0.022038706950866103
0.015604955004185055
-0.029640903772861976
-0.08626324740470778
0.011303858378599499
-0.030528720952875652
-0.04678019424194835
-0.051578620885661626
-0.036762625986727
-0.07398706235482973
0.04179555942564499
0.15484455814132692
0.010723769806476385
-0.007044611103534304
0.12295837735554097
-0.015467908401957373
0.14080771146884896
0.15524081246451735
0.28339660508435627
0.21515492537813855
0.021587136828041732
0.0819590033473489
0.07878313185926435
0.0918799250283081
0.1267110406473418
0.017113248874192875
0.1286846776534861
0.09288638210441413
0.015594446052926002
0.04534627809481657
0.07571377822651086
0.06854701621865777
0.13754482827743486
-0.14178498269686388
-0.3139287971225043
0.36172916301538066
0.11404942650894948
0.03951511247024223
-0.06791998466535612
0.3322102459157107
0.1982965650805882
0.13269033214370565
0.4421667360415907
0.38372243636094505
0.40559450863874696
0.1915264055126821
0.16269482910283345
0.1716665426467289
0.2679319192011368
0.11771357881449171
0.1442360758247193
0.2878701317901482
0.2950670667162941
0.22078879485372652
0.1469089340713576
0.06517289549275053
0.195099227996513
0.13167568136673594
0.134922384606399
0.09429348367176978
0.2105375856399972
0.0783909505998827
-1.1478856937778925
0.09216556026346943
0.11861934106332868
0.1718985520203718
0.21808636984855678
-0.023726048448681238
-0.05489421882798261
0.1081515545367372
0.029603584360856243
0.10886832285840833
-0.025554156902983183
-0.006652971421404846
0.09809704952018274
0.14717034257262915
0.1601319686003325
0.06405731972751902
-0.03449655837643157
0.10259452794227535
0.007046482882384725
0.052589273666649346
0.12581930907451014
0.25118971241213217
0.2934653416212703
0.1446503624975811
-0.3795879048759745
-0.10609385609176261
0.22083325138430923
0.040420937360352016
0.0336260206804363
0.1499284191780835
0.11694759959195092
-0.25621168638337233
-0.15806728749254476
0.2507485473282523
-0.20732953145619396
0.09338036425057113
0.33198521800752284
0.11916740239622045
-0.060318865257337734
0.04270585411124255
0.044470403314939996
0.07630804906202632
0.23221786717848905
-0.0075195029023202384
0.06596979442619898
0.13637112312778554
-0.0865284885457678
0.0061613156360170234
-0.05820275726348715
0.044379069556962344
0.5162505982160428