0.016654221318096636
0.016621183637583328
0.01537349468849357
0.01575803775203375
0.014180378788938257
0.014747441427274594
0.015355559611573383
0.015831949407142696
0.015046594865028289
0.015808541520172678
0.014777031401110622
0.014173614274426103
0.012839496837162664
0.01348558069601109
0.012150760322327866
0.013039830812997576
0.013815041577148496
0.01357096853793353
0.014171230670658355
0.014752523222372298
0.012806220822223626
0.012623615703170271
0.012659517763921496
0.013599988351255969
0.013234643272688031
0.013079763109307587
0.013859530535869621
0.013628860519750466
0.014006475774595975
0.013413029981378853
0.013631090572047644
0.014369509277878487
0.011457111016182225
0.01361963062425933
0.012631288553283153
0.012642372679219912
0.011552310986771702
0.013497956671919423
0.013117667990950295
0.012492346708305055
0.013782768781586208
0.01353451192092241
0.011644929620220444
0.011643590179295905
0.013888192043500957
0.01212112516989192
0.012939631320034112
0.011777968905972356
0.012541854768952034
0.01309959096204596
0.012898299681617806
0.012120137575983805
0.010931016638307232
0.012217463815958129
0.012120935223365627
0.013093297904422516
0.012724500257400845
0.011740369424927405
0.012002280665933387
0.01203862174710419
0.01255803475827184
0.010647381122499753
0.011367654839528018
0.010693891731688516
0.011576761115338665
0.01285066655465714
0.012259288685756544
0.01165194015834716
0.012102040032056241
0.011542739544010363
0.012466694018851247
0.01142010080712194
0.01081835548068121
0.011273886428594882
0.010851841213861978
0.01067133166630991
0.012080443304281487
0.010919582540413154
0.01153030827967723
0.009769815382213883
0.010949585990063517
0.011358856262477431
0.0109582168438076
0.011936173807205073
0.012289072075187896
0.012626766173788403
0.01090029922366917
0.010989408182903412
0.012121053634864373
0.01214498243901419
0.011240215557759876
0.010782445380129728
0.011276779998557522
0.012624650562232649
0.012697651502418488
0.010651423253514158
0.012618252363688529
0.011805680199738131
0.013433715004992942
0.013518289266944308
0.013331650676616411
0.013575504530917068
0.013347897301618327
0.012225894956995944
0.012023889630345397
0.011220077712247275
0.012460564779325665
0.012637040711254776
0.011412446870137444
0.013745406289468604
0.013819297229521523
0.01242377949340941
0.012916422241574304
0.01360059127063156
0.012549110315968495
0.013166385782498598
0.012091026066048388
0.0102498253640241
0.013529950080005472
0.013317996457842792
0.012946595950341292
0.014474293766215564
0.013438499568769665
0.012399732954421653
0.013205334732850585
0.011860412193136653
0.01205485636802592
0.013557966502719412
0.014111202807522536
0.012956411952817617
0.01342608918252715
0.013669500739309098
0.013576597342983908
0.013799503601214104
0.014866737889765141
0.013759865822387035
0.013877566029549543
0.015202613775831405
0.015348037690631042
0.014603948515204744
0.013939860606388068
0.013615104872036614
0.015053346402547255
0.015026706193560089
0.014214561828493972
0.0147724097536533
0.01593813302593824
0.015399539638023936
0.01628485300966856
0.015330285966097605
0.015889010699339876