0.017337810681773754
0.017771817289339603
0.01647040419299787
0.01786928609698144
0.01463120420644629
0.01428468269501465
0.01668292057201273
0.01701394870145472
0.015288415360146319
0.01702879150565429
0.016165210193473136
0.016066815446943862
0.0140873834008204
0.014641384991460855
0.012931153311580046
0.01289167650854987
0.015323386455662646
0.015763940531065966
0.016728240274005376
0.01614382382182517
0.014345977948158123
0.014071722620192297
0.014151921741646091
0.015176018646029391
0.01376873067991812
0.014543082236701648
0.01610315502809886
0.015345245910845184
0.016191859393193026
0.015266706938472078
0.014778531536418818
0.01668308695564637
0.013392023040914332
0.016519044930639788
0.013680263862674933
0.015070103904240467
0.013389421091135669
0.015889846757584206
0.014988078282582808
0.014949503549927183
0.0170571792941977
0.015216616012525372
0.013380990418939103
0.013607797243345168
0.01628162879765425
0.014655930547353401
0.016332970046652805
0.014372573282355791
0.0145969511417457
0.01566482452882592
0.015750435109958365
0.014638968326912536
0.012742800296951582
0.014764399002284257
0.014475155913821544
0.015120451167184856
0.015513550978921266
0.014351875943451414
0.015342487280743446
0.014963600475421716
0.015188678589293717
0.011650790102103582
0.014020336673492832
0.013160371919625208
0.014287035337576722
0.014639931418886231
0.014676396665816733
0.014083485307128815
0.014769481553774973
0.013759837388614374
0.01437204940977727
0.013450014108475725
0.012967614164847346
0.014113319400059278
0.012347298336071056
0.012393865909335739
0.014838077424623966
0.012925551803675368
0.01390766774026458
0.01186714372424355
0.013148227767885537
0.012973921709890562
0.012498201184994834
0.015030776413915443
0.014403106122901733
0.015507663234234158
0.012267486449926953
0.013265444186272617
0.014134272718533347
0.01414767782277318
0.0131863068048174
0.013380369334949302
0.013378684236334218
0.01469503371330546
0.014996701751892515
0.012710378513800687
0.014307343882778701
0.014267926650903234
0.01564931776959165
0.016658647933325593
0.01615931643864428
0.01641031115604622
0.015232841754160871
0.014747919733694811
0.014219136647862873
0.01280551781889658
0.013910624714139334
0.014985733974898122
0.013221586287950685
0.017116782706572346
0.016915508098216715
0.014938636076791587
0.015155409490939367
0.015646827304122025
0.015397866294866615
0.015037364896522076
0.014206507750499635
0.01187759760436878
0.0162192943955716
0.016073108459643284
0.014736318514145199
0.01682566176192682
0.015446833543904472
0.014580367685821423
0.014834508081706346
0.013393934207929864
0.013657223733826966
0.014374301473098369
0.015356583895642302
0.014934279337957282
0.014541419821962614
0.014895534453677984
0.013645397165908383
0.015159114934631237
0.01659078901407938
0.01530403229303878
0.014872108553347446
0.01730296800254794
0.01734625462903675
0.015398049533456063
0.01577802591718019
0.014469907288010085
0.015290223587754774
0.015837369078401033
0.016368660510101583
0.016120158124690885
0.01628105944029216
0.017685827826289593
0.018430516069012914
0.017146570857084528
0.01747056573180071