0.02983301252796594
0.02247213644027069
0.03776451743500769
0.029816418771718076
0.026304138589611097
0.03544521481702503
0.03336073162686925
0.03294113263464462
0.035316243009072976
0.03266492140315374
0.034485296637040086
0.03170398574085994
0.038224904484798435
0.0519625702871469
0.024562933809341218
0.036386420295805244
0.043568419113350465
0.03813939216448582
0.02971936798290214
0.04747858536580715
0.033447205891591704
0.04244902057411482
0.04254311781885801
0.04654356498165935
0.07541933346169313
0.04439050331935367
0.028889526381627458
0.04415099974997837
0.05223045552212615
0.045593803214553634
0.029833012527965937
0.034835404061858394
0.04617270275779251
0.04807467591802141
0.04516232541595906
0.030021360191166486
0.05604679693208515
0.03527463591786548
0.03686041664604505
0.04527938474463119
0.044254467909445774
0.05184369793894438
0.04741908757105393
0.05171236827430652
0.06114483903799998
0.03836761453697572
0.05926008685310734
0.05426274834194631
0.05923245170894393
0.0364263717694686
0.044439254783667136
0.043857473823696425
0.052673688712991516
0.04288340914586198
0.05780557785889949
0.05384534724518535
0.04458578093856878
0.06065454908563833
0.060550831319355056
0.06762237458442774
0.0692574243702233
0.06395006143739768
0.05913279042093253
0.05155427369664197
0.0485302366886347
0.05876302461276191
0.06538326785630165
0.04918494839903683
0.05892065893889515
0.060246982947496544
0.06821448197663621
0.06129149470447667
0.06969317651629953
0.07286627742010716
0.06814021666769568
0.06359312607081141
0.06181038867165723
0.057152607139747603
0.0593973980391401
0.06127305667029495
0.05199867298835847
0.05786532305385729
0.05566015884040388
0.06326220182545739
0.06891371971041194
0.07474912265025112
0.07754488205680442
0.06326381312987923
0.0733438464602151
0.07146584585465207
0.07105663835784558
0.07824139991825806
0.06453889472614109
0.06850771516643916
0.07236315055526733
0.0667081804314127
0.06638268533036056
0.061419268768229375
0.06880502208862616
0.07317704429917239
0.06462712928751636
0.07300982099408475
0.07603434133518439
0.0802642404844223
0.07431838887379744
0.07393279045766918
0.06534190698893058
0.060206503423294956
0.06397472128934766
0.06588010561965425
0.06136136358647219
0.06224414215229804
0.08124424494018993
0.07383226662920453
0.08700785818573772
0.08495590833824063
0.05794000139013559
0.06401786312015686
0.06977979448810175
0.0804361825530359
0.07126467422429618
0.08431018942977458
0.07500060718272827
0.07014834250487222
0.08481153386085521
0.07281554133125437
0.08416274623897689
0.06359364620437022
0.06664025443507633
0.061024315795622015
0.07984288238368788
0.07033808171607821
0.07053314866642839
0.06871432911661511
0.06665967861397129
0.09478716052489615
0.08555917665685855
0.08053807005358209
0.06678485955449968
0.07965385150922905
0.06765439665232012
0.07910341748033607
0.0742192452014437
0.06312514371670709
0.07532216860889507
0.06904015730356697
0.06877686770244613
0.06572629934072625
0.06691793962306429
0.0850676340342129
0.07378271227672988
0.0736946672932736
0.08149071322728879
0.07471879902984943
0.0706195904873403
0.0803170325755433
0.08414067511407136
0.06721541407630548
0.07337241367257046
0.08138860144592223
0.07812204447594916
0.07705189762193296
0.07172116938504607
0.0771044599599273
0.08743885938904811
0.0680105454531874
0.07496849344256924
0.08032285595638777
0.09308978994659649
0.08257779714953806
0.0644812977490262
0.08479838678120588
0.08906668027657078
0.08672089833951553
0.0937536824585669
0.07566646935746134
0.08030907996631106
0.07069660208477968
0.058757567105859644
0.06454204659180098
0.0847114260570891