0.025078844693977906
0.031389543302747146
0.023280800948596234
0.022674986658930377
0.02457461536224833
0.03311833774747466
0.03447115215084654
0.02494843238396418
0.02420929780613545
0.02936075367633427
0.023544713041894125
0.027091350215769888
0.03168943000658521
0.01908823124846687
0.025461094721449425
0.029070973932435597
0.03134817166170089
0.032176570416725836
0.03710136020033732
0.02274837734604294
0.0255677336130402
0.027420901836866945
0.03606994229757044
0.036556736164136905
0.032363105753945284
0.02595659747000097
0.03022693616276045
0.030629280335191918
0.032010211726149936
0.02825901451344261
0.025078844693977902
0.02215903667794303
0.02300514562108894
0.02915429226085871
0.03361994356483326
0.050621609345356276
0.04185897921595515
0.04428273946433893
0.038668986158337325
0.0477107024019435
0.04712107998517187
0.04925158564034554
0.04406169627022111
0.04733488501783218
0.041178917595521704
0.05080196641637328
0.043473825336682634
0.047082929672027485
0.056382146400130874
0.0526858801612683
0.0475284940993886
0.042774888145814795
0.05558079364058237
0.06250947503956557
0.05347211201373875
0.05473925793811768
0.04759605486031345
0.055545236969624254
0.06701562230260252
0.05147395366020399
0.050084213006479895
0.04777509145410621
0.055590902834116995
0.062208308981532484
0.05819979334819396
0.058494835746827366
0.062095011396944136
0.0708038508575805
0.05575575548786999
0.06169473635006915
0.06516468422299537
0.06266232240787853
0.05790207190415868
0.06250531217390844
0.06664830849931791
0.06179385924955684
0.055982334725322665
0.0719152039467346
0.07121878624882828
0.0658655737399436
0.06827094753295694
0.07274696593434485
0.07411283329182063
0.06831673323906068
0.05184662203284285
0.06921119265728981
0.07227802201258275
0.06651980498806459
0.0706901432821534
0.06634580759382115
0.06475857340038157
0.06646125067422627
0.06942545633620094
0.06092289272348126
0.06325202177335827
0.07587263687556467
0.07526684826861704
0.06601016394985894
0.07048972681265918
0.07604962917017923
0.07161190777980979
0.0662172524023565
0.07376619086411633
0.07512617965598138
0.0679943368147625
0.0660831877124596
0.05535384876582057
0.06529074795494241
0.0741776359504696
0.06407716759222916
0.0599945168886685
0.06341783401567479
0.06136495718385353
0.06739358507842713
0.06045224136525545
0.05740469846336397
0.061435691513317146
0.08017192912237907
0.07145898826390602
0.06441106132624559
0.07329998024384118
0.06900589013040068
0.06380698600151172
0.0606111577546112
0.06417656682000583
0.053686101039935236
0.07133311268866921
0.059230778824304255
0.06330832568229576
0.06566714169502028
0.05728945166523691
0.05617279557996939
0.07162586475404144
0.05509913811925211
0.051225608483986204
0.05644665965671934
0.053687156428931404
0.06653741336233966
0.0636295284918637
0.055850249917040615
0.0537706838812151
0.05096542628928073
0.05484511019609845
0.058143391095340204
0.05230238176808332
0.06497229602382366
0.0557983697329785
0.04526073597562645
0.05131637472840775
0.05259760315545059
0.05304166775431615
0.06109241264407581
0.05666629331892864
0.04115489172559339
0.05342168693937957
0.05696585258219
0.061934614070570895
0.052377389075469474
0.0600063071474364
0.04200637437474294
0.05666871481378845
0.056239694096491086
0.04385727111294017
0.05171249087280771
0.044408588115741256
0.04129387611515891
0.04779982971090661
0.05433003004573925
0.053316687079156454
0.049211519262701085
0.051550584536573275
0.05146052684914068
0.050893397217530445
0.05029474544274464
0.060358846381870564
0.0557239538378915
0.054241453851078064
0.04820106873365211
0.05168806278189376
0.04910607243063102
0.045546280684629625