0.0162496751845103
0.020833419586602786
0.02130000332442366
0.02940717408741775
0.025133956814525953
0.024099621007465894
0.024376067012768524
0.028366627367644774
0.0302022984944407
0.026751451348123192
0.028104993258414163
0.028659126274147996
0.026420792541518825
0.02443025089457204
0.027309600949507518
0.020785868715656124
0.021745798022538246
0.019987873952371418
0.021788147709704348
0.018332017522573556
0.019073146384759244
0.025013336446261115
0.018491451282146004
0.030580614511742363
0.025667501121447438
0.02488659267791922
0.020231808197844613
0.024686320937403458
0.02076741407890028
0.02393213356252778
0.0162496751845103
0.023333014053724614
0.021755890637760292
0.020167774398139784
0.027611132937024205
0.03409651341300796
0.032325372300688694
0.03255690245354878
0.03120509712123126
0.027008945738537852
0.03645051105658527
0.035728548773161665
0.035758440196218086
0.034685536329284505
0.030195214418014107
0.03271037055074719
0.03892287053280847
0.029873371669205024
0.031786858346814356
0.03595957514413963
0.03922537178376573
0.03706132053601506
0.044475866413866624
0.03972643917638109
0.03921151711656551
0.03962733323793898
0.04143964827114192
0.0388194233718357
0.03832129145649703
0.041748036372790905
0.044082785500288144
0.041457455716802434
0.0434162644789789
0.045880962298281834
0.04930942331949402
0.045366909001773356
0.04879045676623395
0.048491104974854184
0.04857543090117061
0.04725535755298337
0.043858100700500904
0.04715524075745046
0.05000948631597359
0.05175727749971241
0.052978189372621366
0.04808081538033319
0.04829171190729949
0.049642012736801716
0.04401625320293218
0.04602100656371024
0.047210610703785516
0.04580073187695624
0.04402084016951861
0.04519360256613757
0.04589242171898239
0.047092948517542005
0.049436762143582585
0.0470923832091189
0.044603935729532605
0.0461695467901097
0.046341699230917584
0.047382211466673325
0.05101385232883801
0.0482359818126993
0.04378180023666717
0.03977093334519637
0.04021329116811514
0.03759439685138488
0.04326568949389327
0.04219416957538716
0.04275997819839422
0.035309189811638886
0.0358994679452233
0.04451266516829738
0.04737010452378658
0.04447118422783304
0.03902461362637892
0.04039278428816787
0.04249313976961118
0.031121315448895025
0.03767274923617224
0.041894577273307906
0.03594024378004178
0.03271294307239819
0.03769163281354447
0.03655863471731764
0.034275239095694986
0.042529008274112205
0.03804381858792308
0.031763502015291906
0.033203975379267996
0.032780550452222924
0.038733928113541906
0.04204860917896276
0.031088624495541183
0.037670860123198646
0.0463137552273703
0.04126557009227913
0.036477290402153764
0.03117409094766797
0.03937150067231716
0.03810901814481119
0.03569106252274116
0.03675663998245491
0.037820308260758974
0.039267785337806414
0.035312614666667644
0.04248371845904548
0.03857594283815078
0.03291824032644841
0.04277230817179322
0.048154684877069344
0.041448072212016046
0.04138351149280118
0.04186164047029073
0.041494640242843765
0.039552745340166486
0.04715764020592577
0.04323243789694367
0.04540735320584549
0.04609945791021044
0.046838974286975726
0.047771337024713534
0.043101265767774385
0.04302080450791278
0.04301870275860994
0.04991509638926084
0.044368646040512646
0.04242475854296473
0.03904967756839079
0.037126071050871415
0.039390057692374726
0.044334759891798345
0.04365629141437846
0.040014574127948906
0.04183816706613964
0.03859341580898559
0.041280838219601046
0.03449978610676007
0.03783057876239077
0.04408114938177109
0.04462056646065611
0.044185147845714035
0.04358497320394585
0.04934458577659122
0.04037521236649153
0.04232009904952601
0.047616347615974344
0.04496226992758
0.03469719011754245
0.03810321607902453