0.02274920906619672
0.028845211679554745
0.029474582534208937
0.041855647537014436
0.037071565821689086
0.030039230389811687
0.03420690097248206
0.036784423059591044
0.041622890696427266
0.03721904509232354
0.039361577400909425
0.0399789706587817
0.03302806490115542
0.03161778516450941
0.036984408488391435
0.027540291818371268
0.027117444873555385
0.021954796297760128
0.029418379452525435
0.024286618266273322
0.026323579192866004
0.035754469861096885
0.022917126376503956
0.04418089691210094
0.037952714831966945
0.032989879168816155
0.02901808705064666
0.03535566662297494
0.029034403243643554
0.03530444294756631
0.02274920906619672
0.031309531911257966
0.029741490105674135
0.026063132588196054
0.0359924605623805
0.046385142649773295
0.04286752430039824
0.045904781789545865
0.04457299560402492
0.0369523753578907
0.05240876407634687
0.04757756811734434
0.050604129833610054
0.046511442178446764
0.0395931518794216
0.0454783347830032
0.0541428974913665
0.04110401119860597
0.04431811594959088
0.04911763566103084
0.05631130623338436
0.05010446705271998
0.06391083441635892
0.05469073865020388
0.05139617984262509
0.05299926055554565
0.05602124922331142
0.05512308829031034
0.04972293100930276
0.056965132915296174
0.0617608190971668
0.05535094289243853
0.057017144572146634
0.05821054667132165
0.06185206795698664
0.056189026028360956
0.06250729326672928
0.055356027972643725
0.061683623858382844
0.05920322519611589
0.05267714394029057
0.06170716338755156
0.06205448747363052
0.062360058401047566
0.06394393688525778
0.05921003942594956
0.05984418832473583
0.06367842437784696
0.05311208208878883
0.057912719261702446
0.0596737322549686
0.0562249535874205
0.055194631683072724
0.05898767179170766
0.06338901634181121
0.06284057674703382
0.06483242729889546
0.06330873679047481
0.05790937983460176
0.06067891982713073
0.05929197527879768
0.06279572435504777
0.06917846691895631
0.06561528931168252
0.05810971756407364
0.05078178563979819
0.050770786913200805
0.04657127240017567
0.06044985365742966
0.0598663344610491
0.05511098499695228
0.046481227631358174
0.047905286993984955
0.061173718218861646
0.06469521655779514
0.058760584401607356
0.0545165148285294
0.055309748170175484
0.057005711810898085
0.04095878813598445
0.05079119609594919
0.06014227035456386
0.0492110960718009
0.0464103411952421
0.053680093334425784
0.051982540897933915
0.048240974313954334
0.061766154113461404
0.054439639662142755
0.04390360029556192
0.04695449089275069
0.0455908507804959
0.05244114049483932
0.054477036227961996
0.04193166123470276
0.04977417872070314
0.06320850989203103
0.05494901188074614
0.05067568627386414
0.0434957192012153
0.0542031131275303
0.05084852826117153
0.04400116808887951
0.04805123246577031
0.053318031088664126
0.054293534091688314
0.044207740143679584
0.05900366722593076
0.04951940894301082
0.03989110006583232
0.05592597513967043
0.061665205345416946
0.04719441728514649
0.045167537470837925
0.05526058374360687
0.04452739215415999
0.041112512323948074
0.055765746416030715
0.050000790897552765
0.05326409132700382
0.04819366646678581
0.05327060691703121
0.06010056856847996
0.05117790275693659
0.05103929804683554
0.049709761767598316
0.05647928618038583
0.051216809004140634
0.04937020299411139
0.047608860431215254
0.044476827678264566
0.04812476581115217
0.048325201013505126
0.042558700415446064
0.041035189373722615
0.04929574426850534
0.04034976692242042
0.04933678872795323
0.042467366811127255
0.04889929914674892
0.05410943903269141
0.05294773936483141
0.052243355772333765
0.05291788982189487
0.06144938350477151
0.05108095635847936
0.05074408667379804
0.06095175146036253
0.05503635810107183
0.04077416492225524
0.045082848934485206