2.4435227515065385
2.1964416414187005
1.273890673501719
1.0210572934159796
2.2566813348739023
1.2654067971647163
0.6898193328151573
1.7715660751439866
0.8520097759579686
2.07643890675059
1.9201339681361054
1.300111666158998
1.5640638270913374
2.21295917827137
3.251564785293121
0.5732749450717013
1.1579526659941248
0.5207216331091669
2.6279392829519943
3.5963314510177384
1.55820612560097
14.963826757831585
0.17011259656555675
1.6837996561074533
1.9526827000600715
1.6441108535590785
1.003711319389881
1.840033476771908
0.8219988776841366
1.5275636052283563
3.574373307374254
5.429067442025706
1.653663061639327
0.8169127243022251
1.5271838923323173
2.6889377505290866
1.0714507291375497
0.294398227871125
0.8142902486778915
1.1992601761706032
1.6850799115375346
0.35914022675403345
0.8728798813967577
1.9750326907245925
3.3504035918620265
1.2733598435781688
3.5340747013904013
1.2639927971215403
0.43751528841414994
3.137683886389313
1.20200332229467
0.08182373310471573
0.7402540505918732
1.0622552367954798
0.504914227733067
1.179048678917255
1.642204085022098
1.4247266354009573
0.2863139092488154
1.1399427062357534
0.700616595264756
2.5081321529382263
7.812864184150101
0.5642662915944953
0.927133915164887
0.9145705342842769
2.48123223081403
5.257240926144414
1.086857758395967
0.8481896928012238
1.3765608792363604
0.5568624883869947
2.497514659042145
2.6761221891758287
0.9470040636325122
0.9696792799746788
1.3739438944712683
2.0172761761024414
1.005059020407864
0.8839618966295999
0.9937822062297329
2.2493906656726605
4.173867622343594
2.3583994253775487
0.7253113796316427
2.876137190270278
2.024338617283621
1.7487752383372468
0.8727160269416209
1.93064029900307
2.418788926146183
4.6677409900504525
2.6785204927812947
2.177673891986652
2.4013947849839634
2.1795401083239616
0.5557472769705534
1.4808307083269576
4.24753143511945
2.0986791539976495
0.8619400103722293
1.0977848895885052
1.5591085341524569
3.688905528668872
0.9523902023213735
1.2943377830560736
1.3264977677809031
0.9999645580191657
1.0697140648652759
0.5368094879217233
1.8005132018885985
1.0928961398935417
0.5525522103817664
0.8994468282573308
0.9058551132437718
1.223904562838102
1.994147899547872
1.398848869765251
3.8174045583911798
1.2701973833714804
1.552458535045282
0.9964357862900576
1.5549058052772164
0.8092403134814569
1.5371053853553591
0.7422743341295345
0.9665718337913717
1.6142827767760375
0.7443640014763804
2.168711778175203
1.3614574589315378
0.7724573234012652
0.8414080232000016
1.0384175208259943
2.1833265036652953
3.1672291722045625
1.849507066909393
3.2445388144301237
4.793268607426284
1.4844997603534669
0.6137308820945889
1.6748417184873714
0.8586046858170301
2.1514019757229956
0.8762086785078071
1.2600481310118485
0.7232334334241245
3.790038241040865
1.476207851571658
2.2518553386023163
2.262501721319363
1.7753770909561388
0.9112900326508163
1.2970463879525465
1.0711375445594138
0.586445407169224
0.5682210309209508
1.0161993627624764
2.56380252175554
2.157096578625967
1.1595295224726834
1.4980252247109802
1.496875174314917
1.0423292563749353
0.657206582103024
1.2445032811819945
0.8817331758817406
0.6612498457242876
1.471022859191854
0.7853306696980424
2.0230309915463147
0.4357622006935555
1.272470165520727
0.16037802829424164
0.644721937297836
1.0140503209186293
0.8368885671603928
0.5160875087341334
0.9218340359383193
1.7023607857096628
1.3193456540301027
0.7390984857034135
0.8541804682756508
0.8592019124428859
-0.12871092055360192
0.669862040086196
0.3371814081803074
0.7725477424545514
0.6386752365293572
1.2034418697784963
1.1520756851008318
1.017323926991493
1.9131776942861871
0.5073491137513692
10.759278058544853
1.2060784074224435
1.5907509957935568
0.21395387740134225
0.8213184801398765
0.7526188363923686
0.47183173445335236
0.33632704053429546
0.5047738351434765
0.7741854926770598
0.7439025062431478
0.7208034066514903
1.0760582007889858
0.9568804347298441
0.7212419143824642
1.0998801252051464
0.7038580025820883
0.9389428674898931
0.5122643879509257
2.0589665262431547
0.9050389943551641
0.268341142084815
1.0301748320788315
0.744115801318837
0.4726940958457436
1.0724348891752689
1.6032838609325846
0.36237735364898094
2.0851277529903
1.046326931856813
-0.7861177461447336
0.6086250259056684
3.6791075580715487
1.5365550776412245
0.9719601347270439
1.3542478221743348
0.6827136179864803
0.5932982610166022
1.579117698066606
0.6822351275657507
0.9402229069222396
9.158650514726153
0.8932571184073075
1.0255257963534836
2.063778384542426
0.8579385521842192
1.462010261771802
0.831825958941837
0.33783833417974446
0.7149800078538798
0.5084416900437988
0.6828320989249737
0.5676232351793873
0.6112980476010382
0.5774497293577425
0.5942769004261933
0.7007464820586513
0.5651359766418563
0.6562446638490931
0.5144176108220498
0.6161918168405663
0.4572830517418382
1.57734835067494
0.35875208040471374
0.47530058311559853
0.23755236844504085
0.6446012030154844
0.4374069694914479
0.816039230555262
0.40325449897653887
0.48526600531685754
0.7737252100856393
0.4925522661725755
0.4707809273050558
0.9349265313895158
0.414107310756353
0.2644230704375389
0.5170276741108778
0.49165389624093275
0.40303883452360406
0.44328811399015433
0.870084660270825
0.35691534827289917
0.42588607763536085
0.510552214459917
0.4126918564047658
0.40370755809678244
0.6199757941141143
0.5212471092965799
0.5760492317657979
0.5300280643782732
0.4716875637627492
0.5038080923290129
0.29670692935301374
0.3858907928729193
0.5506169568377848
0.4516625237757434
0.9437733676511065
0.7958155535944521
0.31310907154853196
0.2535863552934049