0.026712035308072587
0.
1.1327001857976364
0.
0.5002604836519845
0.
0.8488835189521863
1.0266985697019626
0.35287238591230224
1.015701019572922
0.11295617422772682
0.
0.7075934814644842
0.
0.16866467799862628
0.7772775511559795
0.9218277592141138
0.2582687269019945
0.
0.7315703207414646
0.1412717822075204
0.796456901779373
0.
0.
0.42267005008451713
0.6037264213236138
0.6742770325020346
0.
0.22335883605109844
0.5779350431491915
0.533851796238408
0.38003186578414305
0.6628835922429523