0.016399918788536375
0.04168090873524235
0.02951564355115452
0.016876179129518793
0.07770753098070128
-0.015844972574924492
0.07548428260127164
0.04765441523005939
0.01905356823250765
0.023088767803676188
-0.0030413803008855784
0.011635079395474719
0.005319963977235198
0.03650242403922528
0.04565356608876618
0.030203572053991986
0.043059616956064056
0.08491965658884253
0.01930284226975759
-0.003553407845796986
0.04573849500307127
0.06730662803816663
0.03043513927639995
0.02342135758004977
-0.05057065607401458
-0.010161613844785398
0.07974098489660882
0.01202645454087484
0.056267392697529894
0.030558300058903115
0.013732496950868686
0.022967033411003878
0.0863531673477129
0.062046719636269884
0.026994938927110985
0.045842473353544994
0.06942728201892481
0.008940055163083787
0.01564065936007985
-0.006149660234235609
0.0514321887242743
0.020939422249786212
0.07289547173282841
-0.005003491050395226
0.07360606296968884
0.024541913044766973
0.043095816946568034
0.04183413477719197
-0.008826779019973639
0.005390946516026075
0.01498974799192487
0.020761835343987504
-0.02606064030619542
0.036741891047301065
0.056466131599324676
0.019937203330892002
0.023676501738756624
-0.016384017041699343
0.03273369229560359
0.035075184592707365
0.01638995219172626
0.010651152279403844
0.0043841767881066095
0.004567330839328377
0.020819349093229706
0.0019625812689818924
0.0043548488058497425
0.017491084004965456
-0.021245794042819528
0.022164336404468726
0.0043813954495938645
0.013621228043560158
0.015384480207496458
0.010833000705782206
-0.014249607001538224
-0.0240624060855847
0.048874492875846165
0.006580985806236836
0.0009126832302874139
-0.013749641165922267
0.028376424428411363
-0.03021917142026315
-0.02868321488861637
-0.011508217439205406
-0.01002209678111618
0.0259721740622275
-0.01120217343723095
-0.03072986888827827
-0.001157485443725717
-0.0010376591749488512
-0.033213841129771805
-0.0638041117405833
-0.006052483561669064
0.04794524524365515
0.12455722395723924
0.07075348105558868
0.09395180133137197
0.03838863365002572
0.038164873276529496
0.07365839007111853
0.07408950692438625
0.07104347973643517
0.039727357604989494
0.006529236729894127
0.05315913167514114
0.07908919931098819
0.017821492941405226
0.09798893302361324
0.021126960875183218
0.14760403253001034
0.023113823055258133
0.05300303029068332
0.022179781103836962
0.0931363764513409
0.039100669134081396
0.06771159401386175
0.0474210254704512
0.04368824585783053
0.059888082563595776
0.04577332172635041
0.08378752722363672
0.033140616741186506
0.027676594424821278
0.07054231165297113
0.05171289250422822
0.03669552092951269
0.020234749595825437
0.06988022432058705
0.04029696946282682
0.020058393737663792
0.06264019770351957
0.015310263747216186
0.04317577743535789
0.13944685010411467
0.0393653848514983
0.09068834506660911
0.0655217740610792
0.22158096200853067
0.07545606304265073
0.07317384065680467
0.11970188305753637
0.09049078674487994
0.08249386818078279
0.10478885473064
0.09556643817637644
0.07684998172832891
0.045213505242139095
0.06644739348411118
0.0956136152458555
0.09258899806293265
0.01907710467018874
0.05102153396216955
0.04001639805361139
0.0876809977742501
0.03966603930878707
0.03441761354869284
0.07430248287596826
0.09035140296957175
0.10730627895729634
0.1840518520849601
0.14125129922241064
0.06250198251676627
0.1549496818063574
0.12218018407253292
0.06111899492968029