0.5756918639734295
0.037838327400571956
0.3001523615623813
0.446461758465279
0.3217584490001896
0.12925664627463695
0.5185827036337713
0.23176495591301385
0.008781589519845898
0.13601667006638787
0.42029969325523586
0.1587179615252994
0.2348835264962236
0.09249970091949591
-0.10962051242602341
-0.4180722743039685
-0.5201687204715056
-0.4011472285438296
0.6885848034571649
-0.12588363652706486
0.5061153159944449
0.0896996717586453
0.9494425757711272
-0.8535127717580506
-0.10329246466232385
-0.1408292735923569
1.4716537401333356
0.4799319967917855
0.2158114298214876
0.01663635808561592
0.17104565697335572
0.19502297305344546
0.43800734482206327
0.31775764535292483
0.5797431278401405
0.9967038009418961
0.4721471674400377
0.8614290822273907
0.5228203504533179
-0.6869508482742709
1.045552627278519
-0.5477931998552312
0.9233142583640465
0.13074112410829322
0.44217124598026236
0.024516250044309715
0.45234219571975526
0.5337429499533022
-0.19444391096144
-0.1686285255176856
0.3800137252216086
0.6316396125227614
0.29893378211125854
0.3462656916891255
0.3782323664561536
0.7334366363590439
0.3282977753583531
0.5490539704726676
0.8495016245843888
0.28507956559624636
0.178366298543342
0.9114212988416516
1.283429301973723
0.6899163277460942
-0.34333037040722425
-0.5942205491708549
-0.8020840926116948
-0.7683728213982723
-0.24185128183547694
-1.1415615355147357
-0.4407385290317752
0.41990493813300794
-0.1080425216371407
-0.7618272784494713
-0.5798682700516667
0.4187266526942624
-0.25107556963753336
-0.5939477760081736
-0.1657110747780076
0.003178467157620736
-0.41373242609983013
0.20463097089636004
1.3703256693824648
-0.5991619859474868
0.8082059388595281
0.18957231926027795
0.5892356619552611
0.20526649638105474
-0.29352446550750655
1.4307406509779084
0.1343016944992411
0.3040439026325568
0.34255113657733655
0.10156733589844892
0.17727371892800547
-0.11407672437893895
0.4778867591556777
0.15187440854129983
0.11688400708391668
0.5118529613105022
-0.0017562145493398742
0.42009588580927665
0.15993795118689477
0.44031940090572974
0.15675413985448772
-0.12918885520346407
-0.027152121400607323
-0.009204741279358301
0.15414522507343745
0.5309303444583654
0.19730165501839378
0.431286420393729
0.06232439526717368
0.1322576522600129
0.1274115860569614
-0.2505403067870389
0.6788736437842505
2.1403782967477545
-0.17827592648709892
-1.065214899699813
1.6107029576888703
-0.15719762376129995
0.08987923235636874
0.8433290799644677
0.4328816494174332
-0.5619505465358552
0.48408114477619435
0.13571370418663037
-0.13946145865690357
-0.2683639093188026
-0.27975219599463563
0.2577136653971464
0.18562319337297525
0.30468004875746996
0.22763954102274803
-0.1325539122370303
0.8268385732076357
0.9147738343316105
1.1581575693032282
0.2355415335205498
0.6879243579330754
-0.3968375785963081
0.4036426818944645
-0.1378580492516427
0.6791440934700448
1.5508253394235474
0.32615297106466545
0.40569268434777556
0.8854533596919836
0.2582190264499798
0.41823704912433696
0.8608920197535345
-0.040537675456851774
1.1652713158879369
0.9630779016831825
-0.32685055303984145
1.4843600227241767
0.42638453118659203
0.12387809132953909
0.7292222535589304
0.02032297806824901
0.5124660039570917
1.005337365804598
0.8776579485091119
0.31709873731338634