0.3487813366530107
0.26828427268407756
0.7625501644824265
0.45450208839159556
0.5307469868876586
0.16923603549070812
0.335456486971634
-0.10487139021762959
0.5581030261019333
0.26010302757615245
0.08402804902765715
0.3690495573312369
0.535225948418638
0.14470812085406773
0.08246688304107182
0.0012098272547589597
0.6405605247697074
-0.054293481311992735
0.48609519613606683
0.0619572873025369
0.7899574566355566
-0.5926787955992019
0.18382343407823828
0.03150025822594257
0.3451570741525436
0.0962752732743534
0.5390764361537741
0.2599330825040476
0.40949738506334044
0.8445313294583394
0.50903795014646
-0.12666985010146936
0.3900460760473745
0.5261235347235352
0.24194922688216766
0.7736107008447285
0.3263621998832005
0.3247708949392324
-0.7445957788083173
0.3295803183559415
0.5553706495682875
0.4953247694886331
0.16891253825707778
0.32302646830226317
0.239159322369574
0.3669288940281238
0.2937168711173129
0.1748609231195393
0.4566474484451512
0.6279337845295845
-0.2175165650073005
0.3052840629036365
0.47546711026991106
0.5324361818633506
0.2522020037637566
0.443561760540307
0.41119915055851214
0.25410748504470193
-0.5593983526503367
-0.6979570795186711
-0.09671575979429309
-0.07905047124028615
0.3530216394725364
0.07118283056086058
0.14200194741651273
0.29262415607755343
0.6208411545055678
-0.15734276101147826
0.33577548899734627
0.31678065853368415
0.1418924832375682
0.2421474624055709
-0.13583065390802762
0.15891623974686758
-0.15270704371067279
-0.041104288136289725
-0.36625881838501667
0.6436609045243943
-0.11152582019190699
0.17640714967391852
-0.542159251163845
0.10661484196320295
-0.10870509617769895
-0.09690550004415749
-0.5212321771782445
0.532660576512234
-0.38257886304487004
-0.2879247643046492
-0.013529035034128098
-0.5855337923525707
0.00030126547017229075
-0.06926283879118598
-0.07473759773298468
-0.08531949626519826
-0.13294116225971916
0.33194903630898936
-0.5060734535534095
0.056031170560059095
0.5375420032049658
0.7213348255979172
-0.554036555488897
0.45109169182688297
-0.7133577368760532
0.7612796289257132
-0.3211894585253363
-0.187053003969578
0.7044250953689262
0.45917828374630465
0.5088417970353584
0.6159556407597974
-0.2343706891147121
-0.49177487621750143
-0.6857153739342355
-0.46660551162674757
0.3276409607920556
0.6070582551498221
-0.3766971042507926
-0.2642422146796715
0.3281745842476585
0.35357916667386746
0.15814781842543327
0.5775326363007813
0.49633536900326497
0.5078933346208111
0.3326868774216422
0.34376194369218466
0.03680991415106594
0.43101495305160803
0.5535371400912334
0.3367590376009468
0.5596341512191485
0.3236779418476688
0.5919786843158218
0.8304548922093142
-0.4932131768386992
0.3200720150606267