0.11034352195762268
0.060158301569769895
0.04562509543889797
0.04759562307200761
0.1019711120247617
0.05398984281851369
0.08823839248238903
0.05175853381366812
0.09233675868924417
0.07323896618407634
0.04787617320201699
0.028355581342344963
0.054519800085734677
0.015801268643859265
0.04732652047799726
0.03836037893304342
0.03387255728092372
0.04049436595182074
0.03826319295815414
0.027254049265135187
0.03706356518168578
0.04795627983479476
0.05346080051289121
0.0226900861955091
0.02924370411003086
0.01978379862506086
0.11812965995714388
0.0330320361265056
0.022672364024752374
0.073084531064992
0.0975294480381626
0.06580067068036798
0.051334869000516925
0.03509575398111189
0.09614387317998381
0.04520672971778376
0.10518612532897838
0.04184792032439719
0.11300751103731994
0.13108597413370324
0.14324965806891915
0.07354538822606055
0.09316881729394441
0.018568905996987125
0.11692303280287458
0.19335809900156062
0.11510508009720057
0.12748025186549483
0.1674960150041828
0.19677256020613415
0.0587676699331435
0.07842109870000616
0.12066398789955235
0.09151543971846225
0.055911658284350484
0.15459701310238416
0.14069793027091057
0.1791696156892279
0.037522388529090366
0.07109302315931239
0.05601586317829295
0.03253080812539215
0.1017861356053145
0.03770265810540437
0.014220709271539629
0.015095263746622466
0.05394124687941219
0.0332678149002491
0.08409439795533323
0.04647085463065991
0.033428675648853434
0.12501124962604562
0.11905729122024339
0.05723529419740393
0.1329894888960714
0.11981357832356909
0.09949251418782872
0.03984200432258694
0.12246527950438424
0.05014208767377154
0.14553338031765942
0.02968887803240101
0.10638042867519867
0.1060125440515091
0.06533653040469342
0.04188235085042619
0.1982076002522433
0.10474929281468871
0.12017174326743263
0.16761319588486037
0.12395301911797404
0.13134220020928392
0.11600093730953583
0.11340752916942237
0.12295648609244922
0.040670085707692136
0.08992881322144892
0.048138868905264115
0.05397261159008899
0.1675039196790498
0.06816612224315267
0.044168820642773214
0.08714659697218058
0.17802262604545083
0.09723688174510574
0.048425598370177576
0.14002621690573747
0.06776646845921892
0.03862973110329465
0.05066494389515188
0.05631008806859797
0.07608704567979753
0.08743348599691315
0.051717035306856445
0.010791984767619596
0.12208386489617482
0.05873621523432049
0.05634930329306281
0.09708830843290847
0.056531340373826816
0.01732333252165877
0.040348777896105026
0.09570462321737408
0.04652593760229606
0.04308691409562557
0.034487842082261806
0.04303652217482201
0.055645525476363866
0.02469864228568844
0.04267141969059992
0.03717071957592942
0.03664044562378538
0.07923093494215099
0.05387181292599302
0.14468849715578394
0.025989561004769804