0.2973864820158761
0.1356636847959052
0.141274478554948
0.15356271087409842
0.1423656077552198
0.10723948509386039
0.2628101380450235
0.24411926082580843
0.18617925337076838
0.08768162570142357
0.16606684943612482
0.07151125627838224
0.1552795376415997
0.06626882827221577
0.13528803473377743
0.1488736387550392
0.07413852264411767
0.1365968145796458
0.11834656812914171
0.10161479470938248
0.10848215463408967
0.20985318907550837
0.15214341282656094
0.033827917901078496
0.08652807264427606
0.06252540167871612
0.36521270053930427
0.08164444175637983
0.14604029351383166
0.22141249173738747
0.2057874219717667
0.13320581146824922
0.1334609845007604
0.1252799544344389
0.31241662525537045
-0.00032604782015818734
0.1492166325015682
0.10316125354345984
0.1623250605780297
0.24387504740744367
0.2804281464333836
0.1299275768945582
0.2601493580138132
0.07607679045889154
0.22196991529849888
0.3903721129885643
0.24803961125906523
0.15583639430414886
0.20640016579334375
0.2934596278609662
0.06500666321993961
0.07979852246092788
0.2791163471427629
0.06600864056428436
0.115940488052016
0.31491481053370507
0.1508748208628559
0.19899116609471001
-0.014966834438743037
0.28478205090750425
0.12530417302609037
0.0977025414185077
0.16904176400571344
0.08153572067632534
0.11403831074834749
0.049086689709304784
0.11544403541064757
0.01433356920915282
0.0446578110743596
0.10437633684306273
0.19122951759839948
0.2513482998757982
0.23602711022873785
0.4030378930537756
0.2048812744189762
0.21980981262959967
0.11037829194629345
0.11250224150854561
0.18202442675551794
0.19240066702299077
0.1847924368371412
0.05774016248240082
0.1786729308873388
0.188076998563659
0.23502261158435514
0.11100455130837156
0.20854255296110388
0.1317962546094296
0.18435364081951128
0.22859798056134117
0.18579391919370214
0.1933293698170181
0.21120726613286317
0.15824937758703367
0.19556223002551532
0.11999616102394092
0.1468894288750877
0.05995173379598454
0.11969881013916016
0.27785280158510167
0.11901785940856646
0.05096467421065617
0.2131364781823232
0.3015265851247558
0.19250273986129218
0.09604819281617683
0.20178776853186928
0.10166226503066447
0.08197084244033864
0.1557156830627425
0.11302867365542513
0.08309234211078852
0.24644417086802228
0.009821082883643464
0.0875109140847198
0.29313931979051755
0.10626540834617597
0.049591461608760885
0.15308175713860273
0.08868006462223696
0.06379453155019692
0.12760663835750466
0.10667609843993271
0.0996441036797221
0.16281987625653568
0.05300295522508066
0.05403066460154795
0.07080868026214589
0.075275497312466
0.16991410485639383
0.12119005914491086
0.07440158647324858
0.128271106878551
0.26027357675097423
0.25784169467405293
0.022450817740127135