-0.2863721522476276
0.08106218969898513
0.2608904040725922
-0.11667470842652757
0.7773953605711588
0.26436243722323616
1.3270013245560321
-0.324904407083674
0.4712491435442609
-0.2503185891092832
2.595128010826095
0.005871541690964614
1.2552466558185478
-0.17839723218263462
1.187949622586794
-0.884254863094657
0.3452851265629386
0.8772388765332129
0.897666592398971
-0.9626715112374102
-0.26319228585508525
1.6908449714137643
0.49809352344379826
1.5437836157547957
0.1848512437199922
-0.24000405850232562
0.7002775971561881
0.027357462005191617
2.283841683567288
0.6249648406678233
-0.65341623276296
2.5872697568908145
-0.05617660262911689
0.6670908911838381
0.39910270630967287
0.4087439389003119
-0.25981997743411805
0.6174618477533571
0.7189220558683952
-0.03006031157656478
-0.37148764477425544
0.2059782180224315
0.1972118646061912
-1.8697910186039421
-0.25551724549715665
1.6796181684725788
0.490948165545928
-1.4866793130713143
-0.8551149162664804
-0.7438909549509726
3.3320947161320777
0.48221183503997467
0.08397847370195151
-0.23115943339521808
2.1084602430612103
0.33007147461798547
1.815715691054414
0.7574736330938349
-0.15714938379236482
0.6004228762063345
3.708032146081173
2.1011329645160055
2.410917569294924
0.3043890916414141
0.484519748975661
-0.43342864745820253
-0.15190447383498762
0.031119646283608197
-1.41194308869208
-0.11162971737375561
-0.4896260715793668
-0.7220685062719506
2.5989803901403965
-1.536097602699219
-0.8092008036609084
-0.7277171909600932
-0.08832943552285229
2.244452055715855
-0.6981156768031946
2.776541840790032
0.28615201774301047
0.06930585470920443
-0.8797887066705699
-1.0041101206118312
-0.4174828741884406
-0.9235504315075541
1.3953760231794483
-0.5975688762023963
-0.4141263695595421
0.5814018582742289
-0.5517002738540447
-0.289093910928763
-0.9340245311453206
0.8017408477813485
-0.5726321428919958
0.5390204339864405
-2.1487449696773693
-0.4432096199398638
0.28302076855541164
1.071602957643199
-0.735479166938158
-0.216274255180549
-0.9131022265932554
0.7020746947860924
-0.31426944470823365
-0.342396361500515
0.6001748874430163
0.034220549344687025
0.3497094504217001
-0.23022937243818034
0.5252340933611311
-0.9013030611622004
0.6363818689512823
-0.5480095516221914
5.06727205274914
-0.060168772787726914
-0.14135181120739726
0.6912964100544368
-0.6262549477034379
-0.055353183172695636