0.08612852502772705
0.03737932392078369
0.023902727438185514
0.0330771979732476
0.05881062665360018
-0.010955269345058406
0.015195608773342018
0.00038220405519503585
0.039159056584022585
0.07182873204939517
0.03645488528265168
0.01759949723719672
0.025614306329231312
-0.01209471579614842
-0.0027908455897039364
0.0281137684218201
0.001980257713358951
0.006310564556766661
0.016671274148897824
0.01121713655931608
0.022674259424931398
-0.01283077356613112
0.03493688030679845
0.01826223992998163
0.017412153462781507
0.004939607009673802
0.04751676471643276
0.0330320361265056
0.004168349702204761
-0.00469506462603061
0.011467411020430363
0.006273997777162142
0.006460916022322776
-0.02625993186859006
-0.015854152649151968
-0.010911588232830397
0.01867880397749473
0.018525164532547916
0.047293377366234686
0.0536021614121244
0.09273095074207227
0.05734890121919404
-0.028937436724488508
-0.024463058092013115
0.05952757508253613
0.0899259320237522
0.08187282261261519
0.09438644750729869
0.1038667420685906
0.1250035737817695
-0.018228645109776412
0.06886249359469528
0.0176039285351641
0.0057997828337880385
0.019346310413562297
0.006851922306705731
0.07614130397475488
0.08019121245258665
-0.07527205910819905
-0.006415761623666357
-0.0026666356033202723
0.012730630321656299
0.06497332250023909
0.011760765412930653
0.003992091878159313
-0.029015101856137867
0.025997600827676826
0.016108470378915555
0.04802599956990508
0.00686413475075251
-0.0010975416246126908
0.0704421401373471
0.050608982410603534
0.022781881425044906
0.06433990335163933
0.050906841505455526
0.030551737835997815
0.029277268075301267
0.024909320671779485
0.038827879602797495
0.03358926514943535
-0.002704481895068513
0.026503796899657976
0.0402118450740329
0.03746289623606396
0.007775426443483197
0.039906421704965236
0.03526952791879109
0.022403346605562247
0.04533521056932846
0.02492212247689829
0.034082504581493575
0.0587361894781904
0.04237391034521978
0.026581921497268776
0.014602972876332047
0.060299132749849486
0.006604086923537324
0.03787519289558907
0.09073242173222246
0.028187467159002118
-0.018227371388922498
0.07316715002647389
0.08989469637954467
0.017423159654430434
0.03775970749317573
0.08905541434952807
-0.0011240270149787714
-0.03751277659677653
0.025272785650658144
0.04653135214903945
0.013596552966074075
0.07353098979392438
-0.02315929809139839
-0.012354623115360269
0.0863216015208741
0.03412777691925462
0.00013645321868634884
0.031062446380120616
0.03101019625221961
-0.04881460821580966
-0.0076761140084767145
0.03574203690594141
0.01624429040711249
0.016543635826999633
-0.011918487729590607
0.0045442153927064115
0.03661700146491387
-0.008464298204608402
0.027759238184556216
0.004648860828361906
-0.03280147531857379
0.030245470386235217
0.015803422486454968
0.027506843020079472
-0.0008789618643999081